[38;2;152;128;105m[48;2;133;109;85m▐[38;2;145;124;105m[48;2;134;113;94m▐[38;2;133;115;98m[48;2;114;96;79m▌[38;2;141;122;101m[48;2;128;110;90m▗[38;2;132;123;103m[48;2;129;117;96m▗[38;2;125;110;92m[48;2;116;96;77m▙[38;2;138;118;100m[48;2;126;107;88m▝[38;2;131;112;89m[48;2;123;103;82m▀[38;2;120;106;86m[48;2;107;93;74m▌[38;2;125;109;90m[48;2;115;101;82m▟[38;2;129;115;94m[48;2;117;101;81m▗[38;2;141;130;104m[48;2;133;120;97m▖[38;2;135;120;99m[48;2;122;107;86m▐[38;2;124;109;90m[48;2;119;103;86m▟[38;2;131;118;99m[48;2;127;113;95m▄[38;2;142;127;103m[48;2;129;114;91m▐[38;2;135;120;102m[48;2;129;114;96m▚[38;2;136;121;106m[48;2;118;102;93m▄[38;2;132;115;102m[48;2;125;108;94m▞[38;2;144;129;116m[48;2;136;122;109m▚[38;2;150;136;124m[48;2;143;127;116m▖[38;2;124;109;95m[48;2;115;100;86m▄[38;2;136;122;110m[48;2;121;105;97m▀[38;2;154;137;137m[48;2;132;115;115m▐[38;2;160;181;212m[48;2;140;161;193m▐[38;2;146;188;232m[48;2;144;186;230m▗[38;2;146;188;231m[48;2;145;187;231m▄[48;2;146;188;231m [38;2;145;187;231m[48;2;145;187;231m  [48;2;143;185;229m▘[38;2;144;186;230m▀[38;2;141;183;231m[48;2;139;181;229m▌[38;2;136;181;230m[48;2;136;181;230m  [38;2;136;181;231m[48;2;134;180;230m▌[38;2;134;180;230m[48;2;133;179;229m▞[38;2;133;180;230m[48;2;132;180;229m▙[38;2;136;181;231m[48;2;134;180;230m▄▖[38;2;134;180;230m[48;2;132;179;229m▘[38;2;132;179;229m [38;2;134;180;230m[48;2;132;180;229m▄[38;2;131;179;228m[48;2;130;177;229m▄[38;2;130;176;229m[48;2;130;176;229m      [48;2;129;175;228m▙▄[48;2;128;174;227m▄[48;2;129;175;228m▄▟[48;2;130;176;229m  [48;2;130;174;228m▄[48;2;129;175;228m▟[48;2;130;176;229m  [38;2;131;178;230m▗[38;2;132;180;229m▄[38;2;131;179;228m▄[38;2;130;176;229m     [38;2;131;178;230m▄[48;2;129;175;228m▄[38;2;130;176;229m[48;2;130;176;229m  [48;2;129;175;228m▄▙▄[48;2;130;176;229m [48;2;129;175;228m▙▄▄[0m
[38;2;159;131;111m[48;2;125;97;77m▐[38;2;187;163;132m[48;2;162;136;113m▄[38;2;135;114;96m[48;2;114;93;75m▌[38;2;141;120;97m[48;2;135;114;91m▐[38;2;137;121;100m[48;2;134;117;96m▞[38;2;128;114;93m[48;2;116;102;81m▐[38;2;142;125;102m[48;2;137;120;96m▐[38;2;127;108;89m[48;2;96;76;57m▌[38;2;127;110;93m[48;2;104;88;70m▌[38;2;140;124;104m[48;2;116;101;80m▐[38;2;135;122;99m[48;2;128;114;93m▄[38;2;145;133;108m[48;2;140;128;103m▌[38;2;130;117;96m[48;2;125;111;90m▀[38;2;131;118;98m[48;2;127;115;96m▜[48;2;127;114;94m▚[38;2;133;119;96m[48;2;123;110;90m▝[38;2;143;129;108m[48;2;135;121;100m▐[38;2;139;125;107m[48;2;132;118;100m▘[38;2;148;134;115m[48;2;139;125;106m▄[38;2;147;133;120m[48;2;134;120;109m▟[38;2;150;138;125m[48;2;146;134;120m▚[38;2;130;116;101m[48;2;124;110;96m▙[38;2;131;117;106m[48;2;117;105;98m▄[38;2;162;150;150m[48;2;136;124;124m▐[38;2;159;184;219m[48;2;148;173;208m▐[38;2;146;188;232m[48;2;146;188;232m [38;2;147;189;232m[48;2;146;188;231m▐[38;2;147;189;233m▄[38;2;146;188;231m[48;2;145;187;230m▖[38;2;144;186;230m[48;2;144;186;230m [48;2;143;185;229m▄[38;2;143;185;229m[48;2;141;183;231m▀[38;2;139;185;233m[48;2;139;182;231m▖[38;2;137;182;231m[48;2;136;181;230m▙[38;2;136;181;230m  [38;2;136;181;231m[48;2;136;181;231m  [48;2;134;180;230m▛[38;2;134;180;230m [38;2;132;180;229m[48;2;132;180;229m [38;2;133;181;230m▐[38;2;134;180;230m[48;2;134;180;230m [38;2;133;180;230m[48;2;132;180;229m▙[38;2;132;180;229m[48;2;130;178;227m▄[38;2;131;179;228m[48;2;130;176;229m▄[38;2;131;178;230m▌▘[38;2;130;176;229m   [38;2;131;178;230m▄▄[38;2;130;176;229m   [38;2;131;178;230m▞▀▘▐[38;2;132;180;229m[48;2;132;180;229m [38;2;134;180;230m[48;2;133;179;229m▟[48;2;134;180;230m [38;2;133;181;230m[48;2;132;180;229m▘[38;2;132;179;231m[48;2;130;177;229m▘[38;2;131;178;230m[48;2;130;176;229m▄▝▚[38;2;131;179;229m▟[38;2;132;180;229m[48;2;131;178;230m▀[38;2;131;179;228m[48;2;130;176;229m▀[38;2;131;178;230m▘[48;2;131;178;230m [48;2;130;176;229m▄▖[38;2;130;176;229m [38;2;131;178;230m▗▖▟[48;2;131;178;230m [0m
[38;2;150;123;103m[48;2;139;112;93m▐[38;2;165;139;113m[48;2;143;117;96m▀[38;2;133;110;91m[48;2;122;99;79m▚[38;2;141;120;99m[48;2;131;111;90m▌[38;2;137;117;96m[48;2;129;109;88m▛[38;2;136;116;95m[48;2;126;106;87m▄[38;2;145;132;111m[48;2;128;115;94m▐[38;2;119;104;86m[48;2;101;86;68m▌[38;2;133;119;98m[48;2;113;99;78m▌[38;2;141;127;104m[48;2;130;115;92m▝[38;2;138;125;99m[48;2;131;118;93m▄[38;2;139;125;102m[48;2;133;121;96m▗[38;2;137;123;100m[48;2;130;116;95m▄[38;2;131;117;98m[48;2;114;101;84m▖[38;2;141;128;105m[48;2;128;116;92m▐[38;2;132;117;97m[48;2;115;100;81m▌[38;2;136;123;105m[48;2;119;104;89m▜[38;2;143;129;110m[48;2;135;121;103m▐[38;2;148;134;115m[48;2;139;126;107m▌[38;2;152;133;119m[48;2;144;125;111m▌[38;2;161;146;131m[48;2;148;132;117m▖[38;2;138;123;108m[48;2;127;112;97m▌[38;2;140;123;112m[48;2;127;112;100m▄[38;2;162;154;158m[48;2;133;125;130m▐[38;2;155;186;224m[48;2;151;181;220m▐[38;2;146;188;231m[48;2;146;188;231m [48;2;145;187;231m▀[38;2;147;189;232m▀[38;2;146;188;231m[48;2;144;186;230m▀[38;2;146;188;232m▘[38;2;145;187;231m[48;2;145;187;231m [48;2;144;186;230m▄[48;2;142;184;231m▄[38;2;143;185;229m[48;2;138;184;232m▄[38;2;141;183;231m[48;2;137;182;231m▄[38;2;140;182;230m[48;2;136;181;230m▄[38;2;141;183;231m▄[38;2;139;185;233m▄[38;2;137;182;231m▄▄[38;2;138;184;232m▄[38;2;141;183;231m▄[38;2;137;182;231m▄[38;2;136;181;230m [38;2;136;181;231m[48;2;134;180;230m▄▖[38;2;133;181;230m[48;2;132;180;229m▖[38;2;131;179;228m[48;2;130;176;229m▄[38;2;130;176;229m [38;2;131;178;230m[48;2;131;178;230m [38;2;130;176;229m[48;2;130;176;229m      [38;2;131;178;230m▗[38;2;130;176;229m [38;2;131;178;230m▝▌▟[38;2;132;180;229m[48;2;131;179;228m▐[48;2;132;180;229m [38;2;133;180;230m▟[38;2;134;180;230m[48;2;134;180;230m [38;2;133;180;230m[48;2;132;179;229m▌[38;2;132;180;229m[48;2;132;180;229m [38;2;132;179;229m[48;2;132;179;229m [38;2;131;179;228m[48;2;130;177;229m▄[38;2;131;178;230m[48;2;130;176;229m▄▗▄▄▜▞[48;2;131;178;230m [48;2;130;176;229m▀[48;2;131;178;230m [38;2;130;176;229m[48;2;130;176;229m [38;2;131;178;230m▟[0m
[38;2;249;234;191m[48;2;217;192;156m▄[38;2;229;195;155m[48;2;176;145;114m▖[38;2;174;140;111m[48;2;135;109;88m▄[38;2;139;117;96m[48;2;132;110;89m▌[38;2;136;117;96m[48;2;130;110;89m▌[38;2;139;125;102m[48;2;137;121;100m▘[38;2;137;123;100m[48;2;130;117;96m▝[38;2;132;124;107m[48;2;115;106;89m▗[38;2;127;115;97m[48;2;107;95;78m▌[38;2;143;129;108m[48;2;131;117;96m▖[38;2;140;128;103m[48;2;123;110;87m▜[38;2;133;120;100m[48;2;130;117;96m▘[38;2;139;130;108m[48;2;136;124;102m▖[38;2;138;123;100m[48;2;127;112;88m▌[38;2;150;133;111m[48;2;129;113;91m▝[38;2;134;118;95m[48;2;121;105;82m▚[38;2;150;136;115m[48;2;136;121;102m▖[38;2;143;129;116m[48;2;131;117;105m▛[38;2;134;120;102m[48;2;129;115;96m▜[38;2;151;136;121m[48;2;147;132;117m▌[38;2;160;145;130m[48;2;132;117;102m▌[38;2;142;126;108m[48;2;131;115;98m▌[38;2;154;139;126m[48;2;144;128;116m▐[38;2;164;157;165m[48;2;149;142;150m▐[38;2;152;187;226m[48;2;151;183;222m▟[38;2;147;187;231m[48;2;147;187;231m [38;2;146;188;232m[48;2;145;187;231m▖[38;2;144;186;230m[48;2;144;186;230m [48;2;141;185;229m▄[48;2;144;186;230m [38;2;145;187;231m▄[48;2;145;187;231m      [48;2;144;186;230m▙[38;2;144;186;230m[48;2;143;185;232m▄[48;2;141;183;231m▄[48;2;139;185;233m▀[48;2;138;184;232m▀[38;2;139;183;231m[48;2;139;183;231m [38;2;137;182;231m[48;2;136;181;230m▌[38;2;136;181;230m [38;2;136;181;231m[48;2;134;180;230m▄[48;2;133;179;229m▖[38;2;132;180;229m[48;2;131;178;229m▖[38;2;131;178;230m[48;2;130;176;229m▛▘[38;2;130;176;229m[48;2;129;175;228m▀[38;2;129;175;228m  [38;2;130;176;229m▝▜[48;2;130;176;229m   [38;2;131;178;230m▝▘[38;2;132;179;231m[48;2;130;177;229m▝[38;2;132;180;229m[48;2;132;180;229m [38;2;133;180;230m[48;2;132;179;229m▐[38;2;136;181;231m[48;2;134;180;230m▟[38;2;136;181;230m[48;2;136;181;230m  [48;2;134;180;230m▄[48;2;136;181;230m [38;2;136;181;231m[48;2;134;180;230m▄[38;2;134;180;230m[48;2;132;180;229m▄[48;2;131;179;228m▄▄[38;2;133;181;230m[48;2;132;180;229m▄[38;2;132;180;229m[48;2;130;176;229m▄[48;2;131;178;230m▄▄[48;2;130;176;229m▄[48;2;131;178;230m▄[48;2;130;177;229m▄[38;2;135;180;229m[48;2;131;178;230m▄[0m
[38;2;246;227;196m[48;2;173;152;125m▛[38;2;239;208;165m[48;2;204;173;136m▜[38;2;207;173;144m[48;2;174;139;108m▖[38;2;165;141;119m[48;2;140;116;95m▌[38;2;148;129;108m[48;2;139;119;98m▗[38;2;140;124;104m[48;2;133;117;97m▌[38;2;136;122;104m[48;2;121;108;89m▌[38;2;136;129;108m[48;2;127;116;97m▝[38;2;122;111;95m[48;2;112;99;83m▀[38;2;135;125;103m[48;2;122;109;88m▛[38;2;131;118;98m[48;2;122;108;88m▞[38;2;138;124;103m[48;2;121;107;86m▐[38;2;137;125;106m[48;2;121;110;91m▌[38;2;136;118;96m[48;2;121;104;81m▐[38;2;148;130;107m[48;2;131;114;92m▖[38;2;136;121;102m[48;2;123;108;89m▐[38;2;147;133;112m[48;2;138;123;104m▘[38;2;144;130;118m[48;2;131;117;105m▌[38;2;144;129;114m[48;2;127;111;96m▐[38;2;158;143;128m[48;2;153;139;125m▄[38;2;154;139;125m[48;2;133;118;104m▌[38;2;146;130;116m[48;2;135;120;105m▐[38;2;154;139;131m[48;2;148;133;125m▐[38;2;168;170;185m[48;2;142;145;160m▐[38;2;158;190;231m[48;2;154;189;229m▖[38;2;157;189;230m[48;2;151;187;232m▄[38;2;152;188;231m[48;2;148;187;231m▙[38;2;153;188;231m[48;2;145;187;231m▄[38;2;151;187;232m[48;2;145;187;230m▄[38;2;152;188;233m[48;2;147;187;231m▗[38;2;151;187;232m[48;2;145;187;230m▄[38;2;148;187;232m[48;2;147;186;231m▞[48;2;145;187;231m▄[38;2;146;186;231m[48;2;144;186;230m▙[38;2;145;187;231m[48;2;145;187;231m [38;2;146;188;232m▖[38;2;145;187;231m[48;2;144;186;230m▛[38;2;144;186;230m[48;2;143;185;229m▀▀[38;2;143;185;229m[48;2;141;183;231m▄[48;2;138;184;232m▄[48;2;140;182;232m▄[48;2;140;182;230m▖[38;2;137;182;231m[48;2;136;181;230m▘[38;2;136;181;230m [38;2;136;181;231m[48;2;136;181;231m [48;2;133;179;229m▖[38;2;132;180;229m[48;2;130;177;229m▄[38;2;131;178;230m[48;2;130;176;229m▙[38;2;130;176;229m [48;2;129;175;228m▖▗▄[38;2;129;175;228m  [38;2;130;176;229m▝▜[48;2;130;176;229m [38;2;131;178;230m▄[38;2;132;180;229m[48;2;131;178;230m▄[38;2;134;180;230m[48;2;130;176;229m▄[38;2;136;181;230m[48;2;131;179;228m▄[38;2;139;181;231m[48;2;134;180;230m▄[38;2;140;182;232m[48;2;137;181;231m▗[38;2;141;182;230m[48;2;136;181;230m▄[38;2;143;185;229m▄[38;2;141;183;228m[48;2;139;181;231m▄▄[48;2;136;181;230m▄[38;2;141;182;230m[48;2;137;181;230m▖[48;2;136;181;231m▄[48;2;136;181;230m▄[38;2;137;181;229m[48;2;137;181;229m [38;2;141;182;230m▗[38;2;141;183;228m[48;2;136;181;230m▄[38;2;144;182;228m▄[38;2;145;183;229m▄[38;2;149;184;229m[48;2;138;180;230m▄[38;2;166;193;227m[48;2;140;182;226m▄[38;2;199;209;229m[48;2;145;183;229m▄[0m
[38;2;234;205;172m[48;2;186;156;124m▚[38;2;181;149;123m[48;2;156;124;98m▞[38;2;237;211;173m[48;2;198;171;134m▚[38;2;165;134;110m[48;2;136;108;86m▖[38;2;155;130;109m[48;2;139;117;95m▖[38;2;131;113;95m[48;2;122;105;86m▌[38;2;129;113;92m[48;2;119;103;82m▌[38;2;137;121;103m[48;2;127;112;94m▌[38;2;111;96;81m[48;2;99;85;70m▐[38;2;130;116;96m[48;2;117;104;86m▙[48;2;118;104;85m▌[38;2;127;118;98m[48;2;119;103;85m▀[38;2;133;119;98m[48;2;118;105;84m▌[38;2;135;118;95m[48;2;122;105;82m▐[38;2;139;123;101m[48;2;121;105;83m▌[38;2;141;123;102m[48;2;126;108;86m▐[38;2;141;126;111m[48;2;139;124;109m▐[38;2;150;136;124m[48;2;142;128;117m▌[38;2;153;136;122m[48;2;130;112;99m▐[38;2;155;139;124m[48;2;144;129;113m▜[38;2;142;127;112m[48;2;130;115;100m▌[38;2;137;122;107m[48;2;134;118;103m▞[38;2;156;141;137m[48;2;149;132;127m▄[38;2;177;185;206m[48;2;145;153;175m▐[38;2;163;192;230m[48;2;158;191;229m▄[38;2;162;192;231m[48;2;159;189;230m▖[38;2;161;190;230m▖[38;2;159;189;230m [38;2;157;189;230m[48;2;158;188;230m▛[38;2;157;188;231m[48;2;157;187;229m▜[38;2;156;187;230m[48;2;156;187;230m [38;2;155;186;231m[48;2;152;187;232m▙[38;2;155;187;233m[48;2;150;186;231m▄[38;2;151;186;229m[48;2;148;185;230m▄[48;2;148;185;231m▄[38;2;151;186;231m▄[38;2;145;187;231m[48;2;146;185;230m▘[38;2;146;185;229m[48;2;142;183;228m▖▗[38;2;143;185;229m[48;2;147;183;230m▀[38;2;146;185;230m[48;2;141;183;228m▄[38;2;146;185;229m▄[48;2;142;184;228m▄[38;2;145;183;229m[48;2;139;181;231m▄[38;2;143;185;229m[48;2;138;182;230m▗[48;2;137;182;229m▄[38;2;144;182;228m[48;2;139;181;229m▄[38;2;141;183;228m[48;2;136;181;230m▄[38;2;136;181;230m[48;2;135;180;228m▌[38;2;135;180;229m[48;2;131;178;230m▄[38;2;134;180;229m[48;2;130;177;229m▄[38;2;133;179;229m[48;2;130;176;229m▄▄[38;2;136;178;228m[48;2;131;175;229m▄[38;2;134;180;229m[48;2;130;176;229m▄[38;2;137;179;229m[48;2;129;175;228m▄[38;2;136;178;228m[48;2;130;174;228m▄[38;2;136;178;229m[48;2;130;176;229m▄[38;2;133;179;229m[48;2;132;176;230m▟[38;2;138;180;230m[48;2;135;179;229m▗[38;2;144;181;230m[48;2;140;180;230m▗[38;2;146;182;229m[48;2;142;181;229m▗[38;2;146;185;229m[48;2;141;183;228m▄[38;2;148;185;230m[48;2;145;183;229m▄[38;2;150;186;231m[48;2;145;185;230m▗[38;2;151;186;231m[48;2;144;186;230m▄[38;2;153;185;231m[48;2;146;185;230m▄▄[38;2;153;185;229m▄[48;2;146;185;229m▄[38;2;153;185;231m[48;2;147;183;229m▄[38;2;153;185;229m▄[48;2;146;182;228m▄[38;2;154;186;230m[48;2;146;182;229m▄[38;2;156;185;230m[48;2;148;183;229m▄[38;2;157;187;229m[48;2;150;185;230m▄[38;2;160;189;231m[48;2;151;186;229m▄[38;2;207;219;243m[48;2;169;191;225m▗[38;2;243;235;231m[48;2;214;212;219m▟[38;2;252;237;227m[48;2;251;236;226m▞[0m
[38;2;221;190;157m[48;2;170;137;112m▖[38;2;170;134;110m[48;2;138;104;88m▄[38;2;208;176;148m[48;2;158;126;103m▝[38;2;255;244;210m[48;2;209;183;146m▗[38;2;211;186;154m[48;2;175;147;122m▄[38;2;142;120;104m[48;2;120;98;82m▌[38;2;123;108;90m[48;2;112;97;79m▐[38;2;128;111;95m[48;2;108;91;75m▌[38;2;117;102;87m[48;2;91;76;61m▐[38;2;131;118;97m[48;2;120;107;88m▘[38;2;131;117;98m[48;2;124;108;89m▘[38;2;126;112;94m[48;2;117;103;85m▗[38;2;125;107;88m[48;2;112;95;75m▌[38;2;133;112;91m[48;2;121;99;78m▐[38;2;132;111;89m[48;2;122;101;79m▘[38;2;140;121;101m[48;2;130;110;91m▟[38;2;138;124;109m[48;2;132;118;103m▝[38;2;149;135;124m[48;2;141;127;115m▌[38;2;146;127;113m[48;2;130;111;98m▐[38;2;150;134;119m[48;2;146;131;117m▝[38;2;138;123;108m[48;2;128;113;98m▐[38;2;147;130;116m[48;2;133;117;103m▗[38;2;162;147;145m[48;2;159;145;143m▚[38;2;180;191;219m[48;2;161;172;201m▐[38;2;173;194;229m[48;2;172;193;228m▐[38;2;174;194;232m[48;2;170;193;230m▖[38;2;171;193;230m[48;2;166;189;230m▄[38;2;169;190;231m[48;2;165;188;230m▄[38;2;166;189;230m[48;2;162;188;229m▄[38;2;163;188;229m[48;2;159;188;230m▙[48;2;158;188;230m▄[38;2;166;188;225m[48;2;161;184;226m▄[38;2;157;173;216m[48;2;144;105;146m▀[38;2;163;187;228m[48;2;143;153;193m▜[38;2;159;188;230m[48;2;156;186;228m▄[48;2;154;186;230m▄[38;2;158;187;229m[48;2;153;185;229m▄[38;2;157;186;228m[48;2;152;184;230m▄[48;2;152;183;230m▄[38;2;155;186;228m▄[38;2;158;188;230m▄[38;2;153;185;227m[48;2;150;185;230m▟[38;2;155;186;228m[48;2;151;186;231m▄[38;2;155;185;230m[48;2;150;185;230m▄[38;2;153;185;231m[48;2;148;183;229m▄[48;2;149;183;229m▖[38;2;152;183;230m[48;2;146;182;229m▄[38;2;148;183;229m[48;2;145;181;228m▄[38;2;147;182;229m[48;2;144;180;226m▄[48;2;142;180;225m▄[48;2;141;179;228m▄▄[38;2;147;182;228m[48;2;143;181;226m▄[38;2;150;181;228m▄▄[48;2;143;179;225m▄▄[48;2;143;181;226m▄[38;2;151;182;229m▄[38;2;152;183;230m[48;2;144;180;227m▄[38;2;152;184;230m[48;2;146;182;229m▄[38;2;153;185;229m[48;2;147;183;229m▄[38;2;155;185;230m[48;2;150;185;230m▄[38;2;157;187;229m[48;2;153;185;229m▄[48;2;155;185;230m▄[38;2;158;188;230m[48;2;157;186;231m▄[38;2;159;188;230m[48;2;157;187;229m▄▄[48;2;157;186;231m▄[38;2;161;187;230m[48;2;157;187;229m▄[38;2;162;188;231m▄[38;2;165;188;230m[48;2;160;187;229m▗[38;2;178;197;231m[48;2;163;189;227m▗[38;2;209;213;227m[48;2;166;191;228m▄[38;2;240;229;228m[48;2;185;199;228m▄[38;2;245;227;223m[48;2;191;201;227m▄[38;2;239;222;223m[48;2;184;197;229m▄[38;2;233;224;229m[48;2;201;201;215m▟[38;2;253;233;214m[48;2;235;203;175m▛[38;2;242;216;197m[48;2;211;173;142m▀[0m
[38;2;245;222;175m[48;2;242;216;170m▝[38;2;232;202;158m[48;2;203;169;140m▀[38;2;232;204;173m[48;2;193;165;134m▚[38;2;241;219;184m[48;2;203;181;146m▞[38;2;228;204;174m[48;2;195;170;141m▌[38;2;149;126;110m[48;2;135;113;97m▌[38;2;124;109;94m[48;2;120;104;90m▝[38;2;118;104;90m[48;2;98;83;69m▌[38;2;112;97;83m[48;2;99;85;70m▐[38;2;117;103;85m[48;2;113;99;81m▀[38;2;131;117;96m[48;2;124;106;85m▗[38;2;130;116;98m[48;2;125;109;89m▄[38;2;124;104;86m[48;2;116;97;79m▚[38;2;126;107;87m[48;2;124;104;84m▞[38;2;124;108;86m[48;2;117;99;81m▝[38;2;138;124;103m[48;2;134;120;101m▀[38;2;128;112;99m[48;2;120;105;91m▌[38;2;147;133;122m[48;2;135;120;107m▘[38;2;141;127;113m[48;2;130;115;101m▐[38;2;142;129;115m[48;2;137;126;113m▜[38;2;135;121;107m[48;2;129;114;101m▞[38;2;143;125;115m[48;2;139;122;111m▟[38;2;163;150;154m[48;2;142;128;132m▐[38;2;182;193;222m[48;2;178;189;219m▟[38;2;183;195;230m[48;2;179;193;229m▄▄[38;2;182;194;229m[48;2;175;193;230m▄[38;2;180;193;229m[48;2;174;192;229m▄[38;2;179;193;229m▖[38;2;175;192;229m[48;2;173;190;227m▌[38;2;172;192;228m[48;2;169;192;229m▄[38;2;176;190;225m[48;2;171;185;220m▞[38;2;153;97;121m[48;2;116;60;84m▌[38;2;173;145;178m[48;2;114;68;93m▝[38;2;166;190;228m[48;2;155;168;204m▜[38;2;168;190;228m[48;2;164;187;228m▄[38;2;168;188;226m▄[38;2;165;188;229m[48;2;162;186;226m▄[38;2;165;187;226m[48;2;154;168;204m▛[38;2;167;187;223m[48;2;164;115;143m▀[38;2;159;136;180m[48;2;125;76;116m▀[38;2;164;178;221m[48;2;129;133;180m▟[38;2;159;188;230m[48;2;160;187;228m▘[38;2;160;187;228m[48;2;157;186;228m▙[38;2;160;186;229m[48;2;154;184;229m▄[38;2;157;186;228m[48;2;153;185;231m▄[38;2;155;186;228m[48;2;153;185;228m▖[38;2;154;183;229m[48;2;153;182;228m▙[38;2;153;182;228m[48;2;151;182;229m▄▄▄[38;2;156;184;229m[48;2;152;181;229m▄[38;2;157;186;228m▄[38;2;157;185;230m▄[38;2;157;186;228m[48;2;152;181;227m▄[38;2;159;185;228m[48;2;153;182;228m▄[38;2;160;186;226m▄[38;2;161;185;227m▄[38;2;164;187;228m[48;2;157;186;228m▄[38;2;166;187;228m[48;2;158;187;229m▄[38;2;167;188;229m[48;2;159;188;230m▄[38;2;167;188;230m▄[38;2;167;188;229m▄[38;2;168;189;230m[48;2;161;187;228m▄[48;2;162;188;229m▄▄[38;2;169;188;230m[48;2;164;187;229m▄[38;2;171;190;229m[48;2;165;188;230m▄[48;2;165;188;229m▄[38;2;173;190;228m[48;2;167;188;229m▄[38;2;175;189;228m[48;2;168;189;230m▄[38;2;179;194;228m[48;2;172;191;230m▄[38;2;221;224;239m[48;2;199;202;217m▐[38;2;252;236;228m[48;2;248;233;227m▄[48;2;249;232;224m▌[38;2;249;225;222m[48;2;247;224;220m▌[38;2;250;224;215m[48;2;236;200;185m▛[38;2;247;215;198m[48;2;192;135;110m▀[38;2;206;150;119m[48;2;145;98;82m▀[38;2;165;149;111m[48;2;127;110;73m▐[0m
[38;2;195;161;134m[48;2;118;94;84m▀[38;2;161;129;110m[48;2;138;109;92m▘[38;2;210;181;151m[48;2;164;135;105m▐[38;2;170;144;124m[48;2;136;111;91m▌[38;2;173;147;126m[48;2;126;106;93m▀[38;2;207;186;154m[48;2;152;131;109m▘[38;2;132;116;98m[48;2;118;101;86m▖[38;2;110;96;84m[48;2;104;89;76m▗[38;2;112;98;83m[48;2;94;80;65m▐[38;2;113;99;81m[48;2;106;92;73m▐[38;2;126;111;90m[48;2;124;110;89m▟[38;2;131;117;96m[48;2;121;107;88m▀[38;2;132;118;95m[48;2;128;112;90m▖[38;2;131;117;94m[48;2;124;108;86m▙[38;2;124;108;89m[48;2;119;103;84m▌[38;2;129;115;100m[48;2;122;108;94m▀[38;2;123;109;95m[48;2;116;102;88m▚[38;2;134;123;113m[48;2;134;120;107m▄[38;2;145;133;119m[48;2;124;111;98m▐[38;2;139;126;115m[48;2;134;123;113m▟[38;2;134;119;105m[48;2;127;112;98m▌[38;2;145;128;117m[48;2;131;114;103m▐[38;2;169;153;155m[48;2;147;130;133m▐[38;2;190;197;223m[48;2;186;193;218m▐[38;2;193;199;229m[48;2;189;196;228m▄[38;2;194;200;230m▄[38;2;191;199;228m[48;2;187;195;229m▄[38;2;187;196;229m[48;2;183;195;230m▙[38;2;185;195;229m[48;2;182;194;229m▙[38;2;187;195;229m[48;2;182;194;228m▖[38;2;181;195;227m[48;2;175;193;228m▄[38;2;200;182;210m[48;2;135;117;144m▌[38;2;120;58;66m[48;2;112;50;58m▐[38;2;139;73;76m[48;2;125;61;69m▗[38;2;182;162;193m[48;2;105;84;115m▐[38;2;176;194;229m[48;2;170;190;225m▖[38;2;175;193;227m[48;2;171;188;225m▄[38;2;187;183;213m[48;2;179;137;158m▛[38;2;176;131;160m[48;2;123;60;82m▘[38;2;109;52;75m[48;2;101;44;68m▚[38;2;170;166;202m[48;2;91;77;112m▟[38;2;169;190;228m[48;2;167;188;227m▚[38;2;170;188;228m[48;2;168;187;229m▙[38;2;171;188;228m[48;2;167;188;229m▄[48;2;166;187;228m▄[48;2;165;186;228m▄[38;2;171;187;230m[48;2;162;186;228m▄[48;2;160;186;229m▄[38;2;169;188;230m▄[48;2;161;187;228m▄[48;2;162;186;228m▄▄▄[48;2;163;186;228m▄[38;2;169;189;228m[48;2;166;187;228m▄[38;2;171;188;225m▄[38;2;175;189;225m[48;2;169;187;224m▗[38;2;183;181;212m[48;2;176;147;168m▛[38;2;195;188;214m[48;2;204;168;180m▜[38;2;176;189;225m[48;2;171;188;228m▄[38;2;176;189;228m▄[38;2;177;191;227m▄[38;2;178;195;230m[48;2;172;189;229m▄[38;2;179;194;228m[48;2;172;189;226m▄[38;2;173;190;228m[48;2;172;184;216m▀[38;2;174;194;230m[48;2;159;161;194m▀[38;2;175;195;229m[48;2;149;144;176m▀[38;2;178;195;232m[48;2;132;125;156m▀[48;2;124;115;142m▀[38;2;181;196;230m[48;2;130;110;131m▀[38;2;187;198;231m[48;2;157;129;141m▀[38;2;191;199;226m[48;2;143;108;117m▀[38;2;225;213;219m[48;2;126;90;92m▀[38;2;239;215;204m[48;2;131;90;79m▀[38;2;233;199;185m[48;2;145;100;79m▀[38;2;225;177;155m[48;2;145;101;77m▀[38;2;176;119;95m[48;2;127;85;65m▀[38;2;135;94;76m[48;2;113;75;58m▀[38;2;116;80;53m[48;2;99;63;36m▚[38;2;164;204;104m[48;2;137;151;84m▄[0m
[38;2;127;105;89m[48;2;121;98;83m▌[38;2;145;117;98m[48;2;130;108;93m▄[38;2;165;143;120m[48;2;134;112;93m▝[38;2;139;122;107m[48;2;119;102;86m▌[38;2;126;110;96m[48;2;105;89;75m▐[38;2;131;116;101m[48;2;123;107;90m▖[38;2;121;108;89m[48;2;112;99;83m▀[38;2;121;107;93m[48;2;105;91;76m▌[38;2;116;104;89m[48;2;88;75;60m▐[38;2;128;115;96m[48;2;105;92;73m▐[38;2;121;108;87m[48;2;117;103;82m▀[38;2;121;108;92m[48;2;118;103;88m▄[38;2;118;104;85m[48;2;113;98;84m▀[38;2;120;106;88m[48;2;105;91;79m▀[38;2;105;89;77m[48;2;100;85;72m▐[38;2;129;115;101m[48;2;120;106;92m▐[48;2;111;97;82m▐[38;2;142;132;117m[48;2;138;127;113m▐[38;2;141;129;115m[48;2;138;125;112m▞[38;2;148;134;123m[48;2;145;131;117m▗[38;2;125;110;96m[48;2;116;101;87m▛[38;2;140;119;108m[48;2;125;104;94m▐[38;2;175;157;160m[48;2;148;129;133m▐[38;2;201;201;223m[48;2;197;196;218m▐[38;2;204;202;230m[48;2;197;200;229m▄[38;2;203;201;229m▄[38;2;202;200;228m[48;2;194;200;230m▄[38;2;199;200;229m[48;2;193;198;229m▄[38;2;196;199;228m[48;2;189;196;228m▄[38;2;196;198;230m[48;2;190;195;228m▄[38;2;192;201;230m[48;2;188;197;228m▗[38;2;204;178;201m[48;2;104;77;100m▌[38;2;111;48;54m[48;2;106;43;49m▐[38;2;137;75;76m[48;2;118;55;57m▐[38;2;159;127;147m[48;2;95;63;83m▐[38;2;183;200;229m[48;2;174;190;220m▌[38;2;186;175;200m[48;2;139;96;114m▀[38;2;176;104;118m[48;2;103;42;52m▘[38;2;100;44;56m[48;2;92;36;47m▐[38;2;169;142;164m[48;2;96;70;92m▐[38;2;179;195;229m[48;2;175;192;225m▌[38;2;180;192;227m[48;2;176;189;228m▄[38;2;181;192;229m[48;2;175;189;228m▄[38;2;180;190;228m▄[38;2;180;192;227m▄[38;2;183;192;228m[48;2;176;189;228m▄▄[38;2;184;192;228m[48;2;177;189;225m▄[38;2;185;193;229m[48;2;178;190;226m▄[38;2;185;193;226m[48;2;179;189;226m▄[38;2;184;192;228m[48;2;177;189;225m▄[38;2;183;192;228m[48;2;176;189;225m▄▄[48;2;178;190;229m▄[38;2;185;193;226m[48;2;178;190;226m▄[38;2;184;192;225m▄[38;2;194;192;218m[48;2;188;187;212m▞[38;2;201;142;144m[48;2;165;106;108m▌[38;2;228;185;191m[48;2;189;145;152m▐[38;2;186;190;217m[48;2;165;155;176m▛[38;2;181;192;225m[48;2;137;98;116m▀[38;2;168;169;201m[48;2;119;58;65m▀[38;2;143;128;154m[48;2;105;50;50m▀[38;2;114;87;110m[48;2;72;31;31m▀[38;2;88;55;73m[48;2;62;28;26m▀[38;2;68;34;48m[48;2;61;29;32m▘[38;2;62;34;27m[48;2;61;27;39m▄[38;2;61;37;29m[48;2;52;25;32m▄[38;2;63;40;29m[48;2;54;28;35m▄[38;2;67;42;32m[48;2;60;30;36m▄[38;2;73;42;33m[48;2;67;33;34m▄[38;2;68;41;34m[48;2;68;34;35m▟[38;2;66;43;37m[48;2;64;40;35m▐[38;2;96;60;50m[48;2;82;46;36m▐[38;2;168;123;100m[48;2;132;87;63m▐[38;2;139;100;81m[48;2;113;74;55m▌[38;2;106;69;51m[48;2;97;61;48m▀[38;2;100;61;48m[48;2;95;59;44m▙[38;2;165;147;102m[48;2;100;83;37m▐[38;2;166;216;130m[48;2;134;198;97m▗[0m
[38;2;190;162;141m[48;2;142;114;93m▞[38;2;246;226;180m[48;2;184;159;135m▀[38;2;198;174;147m[48;2;154;131;103m▌[38;2;136;117;102m[48;2;120;101;85m▌[38;2;125;108;94m[48;2;103;85;72m▐[38;2;127;113;98m[48;2;117;102;87m▚[38;2;118;104;89m[48;2;95;81;66m▐[38;2;128;114;99m[48;2;99;85;69m▌[38;2;102;91;79m[48;2;93;81;67m▖[38;2;114;100;86m[48;2;99;85;71m▞[38;2;128;114;95m[48;2;108;94;76m▐[38;2;124;110;95m[48;2;121;107;90m▝[38;2;129;115;97m[48;2;120;105;90m▄[38;2;115;100;86m[48;2;111;96;82m▖[38;2;126;110;90m[48;2;112;96;79m▗[38;2;132;117;102m[48;2;123;108;97m▄[38;2;124;107;94m[48;2;112;95;82m▐[38;2;145;131;116m[48;2;133;119;106m▝[38;2;140;126;112m[48;2;120;107;93m▜[38;2;146;136;123m[48;2;144;133;121m▀[38;2;128;113;99m[48;2;111;96;82m▌[38;2;155;134;122m[48;2;136;115;103m▐[38;2;180;160;161m[48;2;163;143;144m▐[38;2;212;206;223m[48;2;205;200;216m▐[38;2;216;209;226m[48;2;208;204;229m▄[38;2;215;208;228m[48;2;207;203;229m▄[38;2;214;206;229m▄[38;2;213;204;228m[48;2;206;201;230m▄[38;2;208;204;229m[48;2;204;203;228m▄[38;2;209;203;227m[48;2;200;201;228m▄[38;2;204;177;195m[48;2;161;94;103m▛[38;2;179;116;120m[48;2;157;78;74m▘[38;2;134;66;55m[48;2;126;58;46m▌[38;2;109;55;49m[48;2;97;43;36m▌[38;2;113;64;68m[48;2;83;34;37m▐[38;2;124;74;84m[48;2;101;41;36m▀[38;2;137;70;68m[48;2;111;45;38m▜[38;2;149;74;64m[48;2;122;52;39m▛[38;2;130;60;56m[48;2;113;54;45m▘[38;2;144;94;109m[48;2;116;57;63m▝[38;2;173;171;199m[48;2;125;79;99m▀[38;2;201;203;225m[48;2;188;195;222m▗[38;2;208;206;224m[48;2;189;194;227m▄[38;2;206;203;225m[48;2;189;194;226m▄[38;2;197;199;228m[48;2;188;195;226m▄[38;2;194;196;228m[48;2;189;194;226m▄▄[48;2;188;195;226m▄[48;2;189;194;226m▄[38;2;195;196;228m▄▄[38;2;196;197;229m▄▄[38;2;198;196;226m▄[38;2;196;197;224m[48;2;188;195;226m▄[38;2;218;196;204m[48;2;211;165;153m▛[38;2;192;143;139m[48;2;135;72;62m▘[38;2;129;78;76m[48;2;115;50;36m▀[38;2;169;105;97m[48;2;137;60;35m▀[38;2;134;67;52m[48;2;125;58;42m▌[38;2;129;67;47m[48;2;123;60;41m▐[38;2;136;72;50m[48;2;116;61;35m▀[38;2;111;66;49m[48;2;79;42;25m▘[38;2;66;35;26m[48;2;60;35;24m▀[38;2;62;38;26m▙[38;2;64;40;28m[48;2;62;38;26m▌[38;2;65;40;29m[48;2;62;39;27m▐[38;2;67;42;31m▀[38;2;67;44;29m[48;2;65;41;26m▀[38;2;71;45;31m[48;2;69;42;28m▀[38;2;77;51;37m[48;2;74;46;33m▗[38;2;81;52;39m[48;2;75;46;33m▄[38;2;87;58;45m[48;2;69;45;33m▄[38;2;97;63;46m[48;2;84;47;30m▟[38;2;137;88;64m[48;2;119;69;46m▐[38;2;183;142;120m[48;2;155;110;89m▀[38;2;201;157;133m[48;2;158;122;109m▄[38;2;183;126;100m[48;2;117;72;58m▄[38;2;250;219;202m[48;2;187;154;136m▟[38;2;249;229;210m[48;2;212;236;164m▄[0m
[38;2;180;154;133m[48;2;133;110;95m▘[38;2;130;113;96m[48;2;124;104;91m▖[38;2;140;117;100m[48;2;119;97;81m▝[38;2;153;124;103m[48;2;127;98;77m▚[38;2;203;182;151m[48;2;153;128;105m▖[38;2;127;109;91m[48;2;112;93;75m▐[38;2;124;111;92m[48;2;112;100;81m▞[38;2;116;104;89m[48;2;106;94;78m▌[38;2;118;106;91m[48;2;95;83;68m▐[38;2;117;103;85m[48;2;109;95;77m▚[38;2;136;122;102m[48;2;130;117;97m▐[38;2;129;116;97m[48;2;124;110;92m▄[38;2;129;115;96m[48;2;120;106;88m▌[38;2;125;111;90m[48;2;113;98;83m▄[38;2;140;124;102m[48;2;130;113;91m▖[38;2;137;118;103m[48;2;129;109;93m▛[38;2;128;110;96m[48;2;126;105;92m▀[38;2;152;134;122m[48;2;132;115;103m▗[38;2;141;126;115m[48;2;109;94;82m▟[38;2;146;135;122m[48;2;133;123;110m▙[38;2;136;121;109m[48;2;120;106;93m▌[38;2;144;126;116m[48;2;118;100;90m▐[38;2;162;141;140m[48;2;144;123;123m▐[38;2;219;211;222m[48;2;202;194;205m▐[38;2;219;214;226m[48;2;217;210;227m▄[38;2;221;211;229m[48;2;218;211;228m▄[38;2;218;210;228m[48;2;217;210;228m▙[38;2;218;211;228m[48;2;216;209;229m▄[38;2;215;210;227m[48;2;210;208;227m▄[38;2;210;168;181m[48;2;157;100;109m▛[38;2;182;95;92m[48;2;141;65;61m▛[38;2;141;77;67m[48;2;101;46;40m▘[38;2;108;60;53m[48;2;93;45;38m▄[38;2;110;60;54m[48;2;110;57;47m▄[38;2;144;86;69m[48;2;119;60;44m▗[38;2;129;63;49m[48;2;110;44;30m▌[38;2;106;48;38m[48;2;100;42;32m▐[38;2;104;55;48m[48;2;86;37;30m▌[38;2;106;64;59m[48;2;87;39;30m▄[38;2;110;73;67m[48;2;91;40;37m▄[38;2;112;55;61m[48;2;97;53;52m▀[38;2;214;174;182m[48;2;125;85;92m▐[38;2;248;225;222m[48;2;250;218;216m▛[38;2;245;221;222m[48;2;243;218;220m▌[38;2;237;219;224m[48;2;220;210;225m▄[38;2;212;207;227m[48;2;202;199;227m▄[38;2;204;201;227m[48;2;201;198;229m▄[38;2;204;200;229m▄▄[38;2;205;202;228m▄▄[48;2;202;197;229m▄[38;2;207;201;228m▄[38;2;205;202;228m▄[38;2;212;201;221m[48;2;205;198;221m▗[38;2;231;162;147m[48;2;163;94;80m▌[38;2;149;68;46m[48;2;140;66;42m▛[38;2;143;68;40m[48;2;113;53;28m▘[38;2;116;58;32m[48;2;96;49;31m▀[38;2;104;56;34m[48;2;96;53;31m▘[38;2;102;54;30m[48;2;89;49;28m▀[38;2;102;58;37m[48;2;91;51;31m▘[38;2;79;49;32m[48;2;74;44;26m▌[38;2;72;45;29m[48;2;66;42;27m▄[38;2;69;42;26m[48;2;63;40;25m▄[38;2;73;46;32m[48;2;65;41;30m▄[38;2;77;50;36m[48;2;65;40;29m▄[38;2;87;60;44m[48;2;66;43;31m▄[38;2;94;67;48m[48;2;72;49;33m▄[38;2;98;71;52m[48;2;77;50;34m▄[38;2;103;77;58m[48;2;88;62;45m▄[38;2;108;81;62m[48;2;96;70;53m▄[38;2;117;91;72m[48;2;108;81;64m▄[38;2;119;91;69m[48;2;110;82;62m▄[38;2;132;101;79m[48;2;121;86;66m▄[38;2;159;121;100m[48;2;145;107;87m▐[38;2;193;150;128m[48;2;180;137;114m▐[38;2;224;173;143m[48;2;203;152;123m▐[38;2;253;222;211m[48;2;246;210;197m▜[38;2;227;238;184m[48;2;217;221;175m▙[0m
[38;2;153;125;106m[48;2;121;101;88m▄[38;2;130;109;94m[48;2;117;96;80m▌[38;2;114;90;75m[48;2;104;79;65m▐[38;2;144;118;97m[48;2;119;96;77m▝[38;2;196;172;144m[48;2;137;114;92m▘[38;2;142;120;99m[48;2;122;100;79m▐[38;2;119;105;87m[48;2;108;93;76m▚[38;2;119;108;92m[48;2;105;94;79m▌[38;2;117;103;88m[48;2;102;88;73m▞[38;2;123;109;91m[48;2;103;89;70m▟[38;2;134;122;104m[48;2;126;115;96m▐[38;2;139;126;107m[48;2;126;113;95m▌[38;2;126;111;93m[48;2;122;107;89m▞[38;2;138;124;101m[48;2;126;112;89m▐[38;2;140;122;98m[48;2;136;115;94m▘[38;2;139;117;99m[48;2;134;111;94m▐[38;2;148;132;112m[48;2;138;120;102m▗[38;2;146;131;117m[48;2;133;118;104m▛[38;2;144;129;116m[48;2;140;125;111m▟[38;2;149;138;125m[48;2;141;127;116m▀[38;2;129;115;103m[48;2;120;105;97m▀[38;2;150;135;121m[48;2;118;103;89m▐[38;2;156;132;127m[48;2;143;121;118m▀[38;2;223;207;213m[48;2;173;158;163m▐[38;2;222;216;226m[48;2;222;215;225m▝[38;2;223;216;227m[48;2;223;216;227m [38;2;224;215;227m[48;2;221;215;225m▙[38;2;224;214;226m[48;2;221;213;227m▄[38;2;222;211;224m[48;2;220;209;224m▄[38;2;186;122;127m[48;2;152;88;93m▌[38;2;208;159;144m[48;2;124;68;58m▗[38;2;247;227;189m[48;2;166;128;105m▄[38;2;225;205;184m[48;2;150;117;96m▄[38;2;147;111;101m[48;2;99;63;52m▖[38;2;154;91;78m[48;2;125;61;49m▐[38;2;158;81;68m[48;2;141;63;46m▄[38;2;162;74;53m[48;2;126;56;43m▄[38;2;177;98;84m[48;2;115;60;56m▄[38;2;195;169;155m[48;2;164;138;124m▐[38;2;183;164;149m[48;2;174;155;140m▌[38;2;163;131;130m[48;2;102;69;68m▌[38;2;146;97;102m[48;2;95;46;51m▐[38;2;247;213;210m[48;2;233;198;194m▜[38;2;245;220;219m[48;2;242;217;216m▄[38;2;244;227;228m[48;2;238;222;225m▄[38;2;237;223;230m[48;2;221;213;227m▄[38;2;223;215;229m[48;2;210;204;228m▄[38;2;217;210;228m[48;2;209;203;229m▄[38;2;215;208;228m▄[38;2;214;207;227m▄[38;2;215;208;228m▄[48;2;211;203;229m▄[38;2;214;207;226m▄[38;2;214;207;227m[48;2;208;202;228m▄[38;2;229;191;195m[48;2;182;124;120m▛[38;2;175;96;87m[48;2;137;64;51m▘[38;2;146;86;58m[48;2;116;57;41m▄[38;2;154;91;60m[48;2;107;54;33m▄[38;2;135;80;53m[48;2;104;56;34m▄[38;2;106;62;38m[48;2;89;49;28m▄[38;2;81;46;28m[48;2;80;45;25m▟[38;2;91;52;31m[48;2;88;51;28m▄[38;2;75;46;26m[48;2;72;42;25m▙[38;2;102;70;49m[48;2;81;50;32m▄[38;2;99;68;46m[48;2;84;54;34m▄[38;2;111;86;65m[48;2;94;68;49m▗[38;2;118;96;73m[48;2;103;76;57m▄[38;2;114;92;69m[48;2;106;81;60m▄[38;2;123;97;76m[48;2;112;87;66m▄[38;2;116;91;67m[48;2;111;85;64m▄[38;2;116;88;63m[48;2;110;84;63m▄[38;2;119;91;67m[48;2;115;88;66m▗[38;2;125;97;75m[48;2;122;94;72m▞[38;2;126;97;72m[48;2;124;96;70m▐[38;2;139;109;86m[48;2;134;104;82m▐[38;2;147;112;92m[48;2;140;104;75m▀[38;2;166;122;99m[48;2;131;87;62m▀[38;2;183;133;105m[48;2;137;90;65m▀[38;2;221;192;148m[48;2;173;138;93m▜[38;2;187;218;145m[48;2;135;186;96m▀[0m
[38;2;238;212;170m[48;2;176;150;110m▜[38;2;195;168;139m[48;2;130;103;74m▌[38;2;128;108;92m[48;2;114;91;74m▄[38;2;131;116;97m[48;2;122;106;88m▐[38;2;125;108;91m[48;2;114;98;80m▌[38;2;130;111;92m[48;2;118;99;81m▞[38;2;125;111;94m[48;2;102;88;71m▐[38;2;117;103;88m[48;2;110;96;81m▐[38;2;125;109;89m[48;2;117;102;83m▗[38;2;130;116;101m[48;2;117;103;88m▘[38;2;118;104;90m[48;2;105;91;77m▜[38;2;126;112;93m[48;2;121;107;87m▚[38;2;119;102;85m[48;2;112;96;79m▀[38;2;131;113;92m[48;2;123;105;85m▐[38;2;137;117;98m[48;2;132;112;94m▞[38;2;134;111;91m[48;2;129;107;89m▄[38;2;152;131;113m[48;2;141;120;102m▐[38;2;144;130;116m[48;2;136;122;108m▌[38;2;144;128;118m[48;2;138;122;113m▌[38;2;146;133;121m[48;2;131;118;107m▐[38;2;129;115;103m[48;2;123;109;98m▄[38;2;124;107;98m[48;2;110;94;84m▐[38;2;147;123;115m[48;2;130;106;98m▐[38;2;182;162;165m[48;2;155;128;128m▝[38;2;227;216;223m[48;2;214;196;202m▜[38;2;228;217;228m[48;2;229;214;221m▝[48;2;234;204;210m▀[38;2;227;216;227m[48;2;228;172;172m▀[38;2;226;193;200m[48;2;204;113;105m▀[38;2;185;108;104m[48;2;153;76;72m▌[38;2;193;140;129m[48;2;140;76;64m▝[38;2;210;186;156m[48;2;178;93;76m▀[38;2;164;131;108m[48;2;153;66;47m▀[38;2;171;102;88m[48;2;140;70;56m▚[38;2;221;151;127m[48;2;192;122;109m▄[38;2;212;140;123m[48;2;192;119;108m▙[38;2;202;132;133m[48;2;192;100;97m▖[38;2;153;91;92m[48;2;142;80;81m▞[38;2;143;99;98m[48;2;113;72;75m▀[38;2;115;73;68m[48;2;108;60;57m▀[38;2;105;68;62m[48;2;99;48;43m▀[38;2;91;42;42m[48;2;78;30;28m▀[38;2;130;79;80m[48;2;77;29;29m▀[38;2;163;114;117m[48;2;91;36;39m▀[38;2;179;136;141m[48;2;97;40;48m▀[38;2;188;146;153m[48;2;108;44;62m▀[38;2;189;148;162m[48;2;146;87;106m▀[38;2;205;173;190m[48;2;184;152;169m▐[38;2;221;204;221m[48;2;210;192;210m▐[38;2;222;211;227m[48;2;218;207;225m▄[38;2;223;212;228m[48;2;219;208;226m▄▄[38;2;230;211;217m[48;2;218;209;226m▄[38;2;243;206;188m[48;2;234;196;178m▌[38;2;229;175;134m[48;2;207;138;116m▄[38;2;217;156;114m[48;2;179;112;84m▄[38;2;221;162;113m[48;2;197;134;92m▄[38;2;230;173;123m[48;2;205;144;101m▄[38;2;210;149;106m[48;2;182;126;87m▄[38;2;175;126;93m[48;2;141;96;65m▖[38;2;116;77;52m[48;2;94;56;32m▖[38;2;104;60;37m[48;2;95;53;29m▖[38;2;80;49;30m[48;2;75;45;24m▗[38;2;122;93;69m[48;2;105;76;51m▐[38;2;119;91;67m[48;2;110;82;58m▖[38;2;111;83;61m[48;2;104;76;54m▟[38;2;126;101;77m[48;2;118;93;69m▝[38;2;124;98;75m[48;2;122;96;73m▗[38;2;125;100;76m[48;2;119;93;67m▀[38;2;122;94;69m[48;2;118;89;62m▘[38;2;123;91;63m[48;2;117;88;62m▗[38;2;123;94;67m[48;2;121;89;62m▝[38;2;121;92;65m[48;2;123;87;58m▀[38;2;128;94;68m[48;2;118;82;55m▀[38;2;132;96;67m[48;2;74;42;27m▀[38;2;93;61;40m[48;2;49;25;20m▀[38;2;60;31;18m[48;2;54;31;19m▀[38;2;97;60;40m[48;2;68;36;20m▝[38;2;157;112;78m[48;2;111;66;32m▐[38;2;130;166;88m[48;2;115;151;73m▌[0m
[38;2;186;155;133m[48;2;131;103;87m▝[38;2;177;139;108m[48;2;156;124;100m▀[38;2;146;124;106m[48;2;124;102;84m▌[38;2;119;104;91m[48;2;117;101;88m▞[38;2;118;99;86m[48;2;107;88;75m▌[38;2;112;95;81m[48;2;105;88;74m▘[38;2;114;102;89m[48;2;96;84;71m▐[38;2;136;119;103m[48;2;102;84;69m▐[38;2;124;110;91m[48;2;108;91;74m▛[38;2;110;96;82m[48;2;100;84;70m▀[38;2;123;105;86m[48;2;123;103;84m▛[38;2;122;103;86m[48;2;111;92;74m▌[38;2;124;102;84m[48;2;103;82;70m▄[38;2;130;115;97m[48;2;117;101;83m▟[38;2;128;112;96m[48;2;120;104;88m▚[38;2;138;115;97m[48;2;131;106;108m▀[38;2;154;132;133m[48;2;142;121;122m▌[38;2;146;124;128m[48;2;132;110;114m▐[38;2;150;130;127m[48;2;138;119;115m▐[38;2;147;130;123m[48;2;127;110;104m▐[38;2;134;118;112m[48;2;119;103;97m▌[38;2;142;121;111m[48;2;111;90;80m▐[38;2;153;118;108m[48;2;153;110;100m▟[38;2;180;128;118m[48;2;183;115;107m▟[38;2;223;149;141m[48;2;183;123;113m▜[38;2;231;145;136m[48;2;202;131;125m▀[38;2;226;128;117m[48;2;186;108;105m▀[38;2;203;103;92m[48;2;169;91;85m▀[38;2;176;90;81m[48;2;149;76;69m▘[38;2;143;72;61m[48;2;125;62;52m▘[38;2;128;62;52m[48;2;108;51;38m▀[38;2;127;61;54m[48;2;111;51;42m▘[38;2;101;45;36m[48;2;93;33;24m▙[38;2;144;84;71m[48;2;119;59;46m▞[38;2;189;117;98m[48;2;139;75;62m▀[38;2;176;103;87m[48;2;142;77;63m▀[38;2;149;95;85m[48;2;126;72;61m▀[38;2;150;102;93m[48;2;124;75;66m▘[38;2;105;60;59m[48;2;92;48;47m▀[38;2;111;62;56m[48;2;102;53;47m▐[38;2;105;53;43m[48;2;92;40;30m▌[38;2;95;40;35m[48;2;83;33;25m▄[38;2;109;54;56m[48;2;81;32;30m▄[38;2;162;117;121m[48;2;86;34;41m▄[38;2;238;206;206m[48;2;124;74;81m▄[38;2;251;222;221m[48;2;198;155;159m▄[38;2;244;216;219m[48;2;232;202;205m▟[38;2;238;221;229m[48;2;233;217;225m▘[38;2;229;217;225m[48;2;228;215;225m▄[48;2;228;215;228m▄[48;2;228;215;225m▄[38;2;229;216;227m[48;2;224;214;227m▄[38;2;242;226;206m[48;2;240;216;204m▄[38;2;251;211;157m[48;2;237;198;141m▛[38;2;235;181;130m[48;2;234;177;123m▘[38;2;234;177;123m[48;2;228;170;124m▄[38;2;227;167;118m[48;2;224;163;115m▀[38;2;230;168;119m[48;2;222;160;111m▀[38;2;217;157;111m[48;2;205;144;99m▌[38;2;179;130;95m[48;2;160;111;76m▌[38;2;130;93;65m[48;2;115;74;47m▙[38;2;130;93;60m[48;2;112;69;40m▄[38;2;100;75;51m[48;2;89;61;41m▄[38;2;122;95;70m[48;2;106;78;53m▐[38;2;120;92;64m[48;2;115;87;59m▌[38;2;113;87;60m[48;2;111;83;58m▖[38;2;118;90;68m[48;2;113;86;61m▝[38;2;119;91;69m[48;2;112;83;56m▀[38;2;116;84;56m[48;2;112;81;53m▚[38;2;126;91;62m[48;2;121;86;58m▐[38;2;125;90;65m[48;2;112;76;52m▛[38;2;116;80;53m[48;2;74;40;26m▀[38;2;95;58;36m[48;2;61;27;27m▀[38;2;88;53;60m[48;2;73;38;35m▗[38;2;104;65;73m[48;2;93;54;63m▐[38;2;138;85;96m[48;2;90;62;72m▀[38;2;128;81;74m[48;2;104;58;73m▀[38;2;108;70;54m[48;2;78;46;29m▄[38;2;102;67;45m[48;2;79;44;24m▝[38;2;116;165;85m[48;2;107;110;65m▀[0m
[38;2;183;158;134m[48;2;139;116;98m▖[38;2;138;118;102m[48;2;124;107;94m▝[38;2;167;144;124m[48;2;145;122;102m▚[38;2;124;108;94m[48;2;113;96;82m▌[38;2;110;94;80m[48;2;103;86;73m▌[38;2;109;94;80m[48;2;105;91;77m▛[38;2;102;88;76m[48;2;91;77;66m▛[38;2;120;105;90m[48;2;108;93;77m▟[38;2;113;91;74m[48;2;96;75;62m▙[38;2;126;107;90m[48;2;88;70;58m▟[38;2;119;102;85m[48;2;109;93;79m▀[38;2;154;131;111m[48;2;127;105;85m▗[38;2;137;117;97m[48;2;128;109;88m▌[38;2;130;111;93m[48;2;118;98;81m▌[38;2;124;101;97m[48;2;111;87;83m▐[38;2;169;142;166m[48;2;118;91;115m▐[38;2;193;163;212m[48;2;185;144;199m▀[38;2;191;154;203m[48;2;179;140;202m▀[38;2;185;162;204m[48;2;176;155;187m▙[38;2;193;168;212m[48;2;164;137;161m▄[38;2;182;151;191m[48;2;131;104;116m▄[38;2;142;110;125m[48;2;111;89;87m▟[38;2;148;129;124m[48;2;136;116;111m▐[38;2;158;141;130m[48;2;144;122;118m▀[38;2;217;189;183m[48;2;163;134;129m▐[38;2;252;222;213m[48;2;246;214;204m▙[38;2;253;225;218m[48;2;231;196;189m▄[38;2;255;226;220m[48;2;198;151;147m▄[38;2;248;213;205m[48;2;150;97;92m▄[38;2;193;159;143m[48;2;125;67;63m▄[38;2;116;95;73m[48;2;110;51;43m▄[38;2;102;69;50m[48;2;97;43;32m▄[38;2;109;62;48m[48;2;93;41;29m▄[38;2;126;69;56m[48;2;113;59;48m▀[38;2;141;79;63m[48;2;122;69;55m▀[38;2;135;76;60m[48;2;130;71;55m▌[38;2;130;76;65m[48;2;120;67;55m▖[38;2;123;73;65m[48;2;110;60;51m▌[38;2;109;71;58m[48;2;90;41;38m▄[38;2;179;136;126m[48;2;113;55;47m▄[38;2;224;184;181m[48;2;123;65;59m▄[38;2;252;222;216m[48;2;161;112;108m▄[38;2;252;223;220m[48;2;217;180;177m▄[38;2;250;223;221m[48;2;247;216;214m▟[38;2;249;223;221m[48;2;247;222;219m▙[38;2;247;222;221m[48;2;247;222;221m [38;2;246;224;222m[48;2;244;222;223m▖[38;2;240;223;226m[48;2;232;221;226m▄[38;2;239;222;228m[48;2;232;221;229m▄[38;2;238;221;226m[48;2;229;219;228m▄[38;2;235;221;228m[48;2;231;220;228m▄[38;2;238;221;226m▄[38;2;248;225;204m[48;2;237;202;182m▛[38;2;239;189;133m[48;2;217;149;106m▀[38;2;231;168;111m[48;2;197;126;81m▀[38;2;230;170;115m[48;2;213;141;90m▀[38;2;223;159;108m[48;2;209;138;89m▀[38;2;208;142;96m[48;2;191;125;77m▀[38;2;188;128;85m[48;2;173;115;69m▀[38;2;157;113;76m[48;2;143;100;63m▌[38;2;132;98;69m[48;2;124;90;61m▀[38;2;147;113;76m[48;2;139;106;68m▘[38;2;120;90;62m[48;2;110;81;52m▌[38;2;108;83;57m[48;2;100;71;44m▀[38;2;116;85;54m[48;2;111;77;48m▀[38;2;115;83;53m[48;2;113;81;48m▀[38;2;113;80;53m[48;2;108;74;45m▀[38;2;110;76;49m[48;2;107;73;46m▘[38;2;118;84;60m[48;2;112;79;54m▝[38;2;121;84;62m[48;2;96;60;49m▀[38;2;84;66;73m[48;2;73;37;24m▙[38;2;104;116;162m[48;2;75;48;51m▄[38;2;162;167;181m[48;2;113;101;103m▄[38;2;172;175;172m[48;2;123;121;122m▄[38;2;134;140;138m[48;2;108;115;110m▄[38;2;121;134;129m[48;2;112;123;118m▄[38;2;151;161;160m[48;2;109;106;110m▄[38;2;106;76;79m[48;2;59;30;32m▞[38;2;94;60;42m[48;2;82;48;30m▚[38;2;99;64;44m[48;2;90;53;30m▀[0m
[38;2;196;165;137m[48;2;157;121;97m▘[38;2;222;193;164m[48;2;143;118;100m▖[38;2;123;103;95m[48;2;107;88;80m▐[38;2;126;111;97m[48;2;120;103;92m▘[38;2;126;104;98m[48;2;110;95;83m▄[38;2;111;95;86m[48;2;103;87;77m▌[38;2;104;90;79m[48;2;98;84;73m▙[38;2;115;102;83m[48;2;103;85;71m▀[38;2;121;103;88m[48;2;110;91;77m▐[38;2;147;125;108m[48;2;112;90;74m▘[38;2;124;110;92m[48;2;114;96;82m▄[38;2;122;108;89m[48;2;117;99;82m▗[38;2;129;111;93m[48;2;116;96;80m▛[38;2;121;102;83m[48;2;115;95;79m▀[38;2;122;101;88m[48;2;115;96;83m▝[38;2;148;126;118m[48;2;135;113;105m▐[38;2;175;142;181m[48;2;146;113;152m▐[38;2;198;153;226m[48;2;173;134;203m▖[38;2;216;172;235m[48;2;190;146;211m▗[38;2;225;158;230m[48;2;218;152;226m▄[38;2;221;153;225m[48;2;210;124;211m▛[38;2;207;158;213m[48;2;211;123;211m▀[38;2;217;143;211m[48;2;166;123;152m▄[38;2;159;124;136m[48;2;150;115;128m▐[38;2;180;157;154m[48;2;161;138;137m▐[38;2;251;221;213m[48;2;238;208;200m▜[38;2;252;224;215m[48;2;253;223;217m▄[38;2;252;224;217m[48;2;252;224;217m [38;2;254;223;216m[48;2;250;222;211m▛[38;2;230;232;190m[48;2;173;198;139m▘[38;2;122;185;99m[48;2;92;155;69m▌[38;2;82;152;77m[48;2;87;144;76m▄[38;2;89;151;81m[48;2;81;142;72m▚[38;2;84;159;77m[48;2;82;121;64m▄[38;2;105;113;67m[48;2;69;76;31m▌[38;2;130;88;79m[48;2;86;44;35m▐[38;2;151;141;140m[48;2;125;93;87m▄[38;2;130;146;120m[48;2;125;102;92m▄[38;2;104;151;91m[48;2;71;131;66m▝[38;2;159;180;134m[48;2;88;147;82m▀[38;2;238;214;203m[48;2;126;152;109m▀[38;2;248;218;213m[48;2;212;189;178m▜[38;2;251;222;218m[48;2;250;221;217m▄[38;2;249;223;221m[48;2;249;223;221m   [48;2;246;222;220m▖[38;2;248;222;220m[48;2;246;222;221m▄[38;2;250;224;219m▄[38;2;252;228;219m[48;2;248;223;222m▄[38;2;252;224;217m[48;2;246;224;222m▄[38;2;251;223;216m[48;2;251;222;218m▄[38;2;250;220;212m[48;2;226;190;180m▙[38;2;187;150;146m[48;2;147;85;69m▄[38;2;135;76;57m[48;2;80;32;30m▛[38;2;168;94;53m[48;2;92;43;26m▀[38;2;173;108;64m[48;2;123;69;34m▀[38;2;173;114;68m[48;2;146;97;58m▀[38;2;157;111;68m[48;2;151;105;62m▌[38;2;138;100;63m[48;2;130;92;56m▌[38;2;121;88;55m[48;2;108;74;42m▌[38;2;125;91;57m[48;2;107;74;45m▀[38;2;117;86;55m[48;2;110;80;50m▘[38;2;95;65;40m[48;2;85;57;35m▀[38;2;108;75;43m[48;2;103;69;40m▀[38;2;108;75;41m[48;2;95;64;34m▀[38;2;102;68;39m[48;2;83;52;30m▀[38;2;103;72;46m[48;2;66;42;31m▀[38;2;134;123;113m[48;2;90;66;50m▗[38;2;160;161;167m[48;2;118;104;111m▄[38;2;78;101;162m[48;2;66;84;139m▙[38;2;89;112;168m[48;2;46;65;112m▗[38;2;125;153;205m[48;2;107;129;181m▖[38;2;188;189;189m[48;2;170;171;171m▌[38;2;150;154;149m[48;2;129;132;128m▌[38;2;120;132;126m[48;2;104;111;104m▀[38;2;138;151;146m[48;2;95;94;93m▀[38;2;118;83;97m[48;2;54;19;33m▚[38;2;159;96;98m[48;2;115;71;66m▄[38;2;123;80;50m[48;2;109;68;41m▄[0m
[38;2;187;151;124m[48;2;157;120;96m▙[38;2;162;134;116m[48;2;117;88;73m▛[38;2;119;96;89m[48;2;113;90;84m▞[38;2;191;165;165m[48;2;130;104;104m▐[38;2;202;170;180m[48;2;171;140;150m▌[38;2;115;97;96m[48;2;103;85;82m▖[38;2;103;87;75m[48;2;91;76;63m▌[38;2;103;84;72m[48;2;100;81;68m▐[38;2;116;101;88m[48;2;101;86;74m▐[38;2;114;99;83m[48;2;102;81;68m▄[38;2;120;105;90m[48;2;111;92;79m▘[38;2;121;106;91m[48;2;117;102;88m▞[38;2;117;100;83m[48;2;111;90;78m▄[38;2;117;98;85m[48;2;106;87;74m▐[38;2;131;117;103m[48;2;116;99;86m▄[38;2;141;120;109m[48;2;128;107;95m▘[38;2;145;118;124m[48;2;134;102;124m▟[38;2;185;151;209m[48;2;155;122;179m▐[38;2;192;157;217m[48;2;173;140;200m▛[38;2;228;171;230m[48;2;206;150;218m▀[38;2;236;179;235m[48;2;223;158;221m▀[38;2;238;150;238m[48;2;192;104;192m▌[38;2;212;118;207m[48;2;190;97;186m▐[38;2;210;136;201m[48;2;186;117;176m▙[38;2;168;127;149m[48;2;160;119;141m▐[38;2;253;222;213m[48;2;211;179;170m▐[38;2;251;224;209m[48;2;235;214;189m▛[38;2;253;223;214m[48;2;180;198;148m▀[38;2;238;227;192m[48;2;136;185;112m▀[38;2;142;186;114m[48;2;93;152;75m▀[38;2;108;176;92m[48;2;97;165;81m▐[38;2;88;160;81m[48;2;78;149;70m▌[38;2;80;147;78m[48;2;67;134;65m▞[38;2;85;147;75m[48;2;77;140;67m▌[38;2;98;111;70m[48;2;63;48;24m▘[38;2;94;53;53m[48;2;78;39;35m▄[38;2;124;126;112m[48;2;69;81;52m▀[38;2;101;149;94m[48;2;60;128;64m▀[38;2;69;133;67m[48;2;62;126;61m▐[38;2;82;146;80m[48;2;71;134;72m▗[38;2;99;155;95m[48;2;82;138;78m▐[38;2;176;193;155m[48;2;120;150;106m▝[38;2;244;221;211m[48;2;209;192;178m▜[38;2;251;222;221m[48;2;252;221;218m▀[38;2;252;223;222m[48;2;249;222;221m▗[38;2;250;224;222m[48;2;251;223;219m▘[38;2;252;223;219m[48;2;251;222;218m▄[38;2;251;225;219m[48;2;250;224;219m▟[38;2;252;229;221m[48;2;251;228;219m▝[38;2;251;228;219m[48;2;251;226;218m▛[38;2;252;224;217m[48;2;252;223;219m▄[38;2;252;223;219m[48;2;251;222;218m▌[38;2;251;223;216m[48;2;250;218;216m▀[38;2;255;226;220m▀[38;2;241;212;198m[48;2;137;102;95m▙[38;2;228;224;187m[48;2;122;108;93m▄[38;2;186;186;160m[48;2;108;86;68m▄[38;2;141;138;146m[48;2;95;66;53m▖[38;2;125;87;52m[48;2;52;35;38m▀[38;2;122;92;58m[48;2;71;47;32m▀[38;2;113;83;52m[48;2;79;51;29m▀[38;2;95;68;41m[48;2;82;54;30m▀[38;2;104;77;51m[48;2;88;60;35m▀[38;2;84;59;38m[48;2;67;43;25m▘[38;2;79;51;29m[48;2;58;36;19m▀[38;2;61;37;20m[48;2;47;26;14m▀[38;2;37;22;14m[48;2;29;13;6m▌[38;2;56;48;45m[48;2;23;12;9m▝[38;2;105;102;92m[48;2;47;28;25m▀[38;2;140;136;126m[48;2;58;35;36m▀[38;2;124;133;160m[48;2;75;46;46m▀[38;2;106;124;179m[48;2;80;45;50m▀[38;2;117;117;135m[48;2;81;43;49m▀[38;2;117;104;102m[48;2;76;37;44m▀[38;2;89;72;70m[48;2;75;37;40m▀[38;2;89;56;61m[48;2;87;44;49m▀[38;2;125;64;82m[48;2;100;51;58m▀[38;2;180;98;123m[48;2;98;56;54m▀[38;2;139;85;78m[48;2;86;52;36m▀[38;2;105;64;37m[48;2;78;45;26m▀[0m
[38;2;209;180;152m[48;2;155;126;98m▐[38;2;212;183;157m[48;2;139;112;93m▘[38;2;110;90;90m[48;2;97;78;78m▌[38;2;159;137;145m[48;2;118;97;104m▐[38;2;172;141;151m[48;2;123;103;118m▀[38;2;122;105;107m[48;2;88;76;74m▘[38;2;100;86;72m[48;2;77;63;52m▜[38;2;111;101;89m[48;2;94;84;73m▌[38;2;110;95;81m[48;2;107;92;78m▐[38;2;118;104;89m[48;2;108;93;77m▛[38;2;116;101;88m[48;2;94;78;65m▐[38;2;126;112;95m[48;2;118;104;88m▌[38;2;115;100;85m[48;2;109;94;80m▀[38;2;115;101;86m[48;2;106;92;80m▘[38;2;131;117;103m[48;2;104;90;79m▛[38;2;123;103;87m[48;2;110;93;80m▀[38;2;138;121;110m[48;2;125;110;104m▀[38;2;141;122;127m[48;2;123;105;109m▐[38;2;167;136;179m[48;2;131;112;125m▀[38;2;198;152;208m[48;2;184;138;195m▚[38;2;202;127;202m[48;2;188;87;184m▄[38;2;195;108;189m[48;2;185;83;176m▄[38;2;198;113;187m[48;2;189;102;181m▟[38;2;203;126;192m[48;2;196;115;184m▀[38;2;193;137;176m[48;2;180;115;159m▘[38;2;235;206;191m[48;2;178;171;138m▀[38;2;165;200;133m[48;2;106;162;86m▘[38;2;92;155;80m[48;2;75;140;68m▛[38;2;76;145;67m[48;2;75;139;67m▗[38;2;78;149;67m[48;2;76;132;68m▄[38;2;84;148;82m[48;2;75;132;68m▝[38;2;79;152;71m[48;2;111;119;60m▀[38;2;100;158;83m[48;2;104;98;54m▘[38;2;133;96;92m[48;2;88;75;47m▄[38;2;130;114;108m[48;2;100;66;64m▄[38;2;122;102;102m[48;2;109;80;80m▄[38;2;111;88;94m[48;2;89;70;69m▖[38;2;76;126;73m[48;2;62;112;58m▐[38;2;68;132;68m[48;2;57;122;57m▐[38;2;75;141;80m[48;2;63;126;67m▀[38;2;127;164;117m[48;2;85;123;75m▐[38;2;185;190;157m[48;2;148;163;126m▘[38;2;234;224;203m[48;2;189;178;157m▐[38;2;253;223;217m[48;2;252;221;217m▗[38;2;252;224;217m[48;2;252;223;219m▄▄[38;2;253;225;218m[48;2;252;224;217m▀▝▘[38;2;252;224;217m [48;2;251;222;218m▀[38;2;252;221;218m[48;2;250;218;216m▘[38;2;250;218;216m[48;2;249;217;215m▙[38;2;249;219;215m[48;2;249;219;215m [38;2;251;218;202m[48;2;214;165;152m▛[38;2;242;239;195m[48;2;212;185;145m▀[38;2;208;205;172m[48;2;174;153;126m▀[38;2;176;182;187m[48;2;148;128;122m▘[38;2;107;97;131m[48;2;84;74;108m▌[38;2;152;79;74m[48;2;90;60;72m▗[38;2;191;109;61m[48;2;90;45;21m▄[38;2;148;96;59m[48;2;100;58;28m▖[38;2;85;52;26m[48;2;81;47;22m▌[38;2;71;45;22m[48;2;68;40;18m▛[38;2;73;48;27m[48;2;62;39;19m▀[38;2;81;56;34m[48;2;69;47;25m▜[38;2;79;57;38m[48;2;70;48;30m▌[38;2;59;40;26m[48;2;42;28;17m▙[38;2;66;44;29m[48;2;38;23;17m▄[38;2;78;54;37m[48;2;37;22;16m▄[38;2;82;60;38m[48;2;45;26;19m▄[38;2;89;63;40m[48;2;49;28;19m▄[38;2;83;58;34m[48;2;51;30;20m▄[38;2;81;56;35m[48;2;47;29;19m▄[38;2;80;56;36m[48;2;46;31;19m▄[38;2;77;54;36m[48;2;45;29;18m▄[38;2;71;49;32m[48;2;46;31;19m▄[38;2;66;46;30m[48;2;48;31;18m▄[38;2;59;37;19m[48;2;55;33;18m▄[38;2;73;41;24m[48;2;67;37;20m▝[0m
[38;2;108;95;102m[48;2;46;41;61m▀[38;2;65;56;74m[48;2;39;37;53m▀[38;2;60;60;75m[48;2;46;43;61m▖[38;2;60;57;76m[48;2;47;44;63m▚[38;2;77;72;90m[48;2;47;43;66m▄[38;2;60;59;80m[48;2;49;45;61m▖[38;2;103;96;86m[48;2;82;75;66m▐[38;2;105;92;83m[48;2;91;77;68m▌[38;2;110;97;85m[48;2;95;82;70m▐[38;2;116;103;91m[48;2;96;83;71m▌[38;2;116;105;95m[48;2;85;75;65m▐[38;2;111;98;84m[48;2;95;84;72m▛[38;2;103;89;78m[48;2;94;83;76m▀[38;2;100;85;79m[48;2;89;78;71m▄[38;2;96;80;74m[48;2;85;69;63m▌[38;2;107;92;86m[48;2;96;80;74m▐[38;2;114;99;93m[48;2;109;93;87m▀[38;2;120;110;106m[48;2;109;96;94m▜[38;2;133;119;124m[48;2;131;117;122m▐[38;2;157;121;163m[48;2;135;106;145m▄[38;2;204;139;206m[48;2;176;115;184m▄[38;2;206;122;193m[48;2;187;113;183m▄[38;2;193;117;181m[48;2;181;104;171m▄[38;2;184;112;175m[48;2;182;98;166m▄[38;2;163;93;140m[48;2;149;69;111m▄[38;2;138;77;66m[48;2;124;65;53m▖[38;2;108;125;62m[48;2;117;66;39m▀[38;2;110;141;71m[48;2;116;73;43m▀[38;2;97;119;61m[48;2;115;64;43m▀[38;2;98;107;60m[48;2;85;64;36m▘[38;2;78;98;55m[48;2;95;53;33m▄[38;2;68;123;64m[48;2;114;61;45m▄[38;2;54;124;62m[48;2;109;90;64m▄[38;2;108;109;78m[48;2;95;96;65m▞[38;2;152;125;116m[48;2;126;90;80m▜[38;2;148;130;130m[48;2;131;112;113m▌[38;2;119;94;100m[48;2;93;67;73m▌[38;2;88;126;73m[48;2;61;100;46m▐[38;2;71;142;76m[48;2;62;134;72m▛[38;2;74;138;80m[48;2;64;127;69m▐[38;2;105;152;102m[48;2;78;125;75m▐[38;2;150;172;133m[48;2;122;144;106m▐[38;2;242;219;205m[48;2;207;193;169m▟[38;2;254;222;216m[48;2;250;218;216m▀[38;2;252;224;217m[48;2;251;220;217m▀[48;2;250;218;218m▀[38;2;253;223;217m[48;2;246;217;217m▀[38;2;252;222;216m▀[38;2;252;221;218m[48;2;251;219;219m▀[48;2;248;218;218m▀[38;2;251;220;217m[48;2;242;215;217m▀[38;2;249;218;216m[48;2;246;217;217m▜[38;2;250;218;216m[48;2;249;217;217m▛[38;2;249;220;216m[48;2;245;216;216m▀[38;2;255;208;196m[48;2;224;170;158m▌[38;2;255;154;145m[48;2;225;120;118m▖[38;2;203;99;98m[48;2;148;64;56m▀[38;2;150;70;69m[48;2;121;46;36m▘[38;2;177;93;51m[48;2;107;38;32m▄[38;2;239;158;92m[48;2;169;83;46m▄[38;2;224;147;90m[48;2;185;105;53m▛[38;2;168;105;70m[48;2;123;61;26m▌[38;2;82;37;18m[48;2;75;30;11m▌[38;2;54;28;12m[48;2;46;20;4m▌[38;2;44;28;17m[48;2;32;17;6m▗[38;2;68;52;38m[48;2;40;25;11m▟[38;2;63;46;32m[48;2;43;25;12m▘[38;2;40;23;10m[48;2;34;21;9m▀[38;2;51;27;16m[48;2;38;21;10m▝[38;2;63;36;20m[48;2;52;29;17m▀[38;2;75;50;30m[48;2;66;42;21m▐[38;2;83;58;32m[48;2;71;48;29m▀[38;2;95;65;39m[48;2;78;48;23m▀[38;2;105;73;45m[48;2;96;65;37m▜[38;2;117;86;55m[48;2;109;79;51m▗[38;2;118;89;57m[48;2;104;76;52m▄[38;2;117;88;56m[48;2;94;66;42m▄[38;2;99;70;41m[48;2;83;57;34m▄[38;2;83;52;28m[48;2;69;42;24m▄[38;2;65;41;24m[48;2;52;29;12m▌[0m
[38;2;83;83;97m[48;2;38;38;53m▗[38;2;122;108;115m[48;2;69;64;76m▖[38;2;104;105;113m[48;2;64;60;68m▘[38;2;40;40;55m[48;2;28;28;43m▞[38;2;97;84;94m[48;2;68;65;78m▀[38;2;86;73;88m[48;2;76;63;77m▘[38;2;90;89;98m[48;2;60;59;78m▝[38;2;123;107;108m[48;2;97;82;74m▗[38;2;234;212;169m[48;2;142;120;103m▄[38;2;166;143;127m[48;2;94;75;65m▖[38;2;106;89;80m[48;2;89;73;64m▐[38;2;100;85;78m[48;2;90;75;68m▌[38;2;98;83;76m[48;2;86;71;64m▐[38;2;105;89;81m[48;2;94;79;73m▀[38;2;120;102;90m[48;2;97;85;78m▀[38;2;124;109;97m[48;2;105;92;84m▝[38;2;107;90;81m[48;2;95;80;74m▛[38;2;122;107;101m[48;2;105;90;84m▜[38;2;129;113;126m[48;2;124;103;124m▛[38;2;169;136;191m[48;2;153;120;175m▐[38;2;195;135;205m[48;2;169;108;193m▀[38;2;208;117;200m[48;2;198;98;195m▀[38;2;199;117;188m[48;2;195;96;187m▀[38;2;187;114;177m[48;2;144;79;134m▛[38;2;147;102;128m[48;2;111;88;92m▀[38;2;120;131;102m[48;2;117;111;98m▝[38;2;100;146;89m[48;2;83;129;72m▚[38;2;75;140;75m[48;2;60;125;61m▞[38;2;71;131;70m[48;2;65;124;63m▜[38;2;69;132;70m[48;2;61;119;61m▙[38;2;70;138;75m[48;2;65;133;71m▐[38;2;73;139;72m[48;2;63;127;62m▜[38;2;78;146;73m[48;2;61;126;64m▄[38;2;68;121;68m[48;2;64;117;64m▚[38;2;114;77;59m[48;2;95;55;34m▀[38;2;133;104;104m[48;2;122;88;88m▀[38;2;98;58;59m[48;2;81;41;42m▌[38;2;91;110;71m[48;2;55;73;35m▐[38;2;68;138;69m[48;2;62;132;64m▚[38;2;66;127;65m[48;2;60;122;59m▞[38;2;82;139;88m[48;2;66;123;72m▀[38;2;140;178;166m[48;2;101;139;127m▐[38;2;197;196;217m[48;2;166;177;223m▀[38;2;195;196;223m[48;2;159;170;222m▀[38;2;200;198;223m[48;2;154;168;225m▀[38;2;190;191;223m[48;2;151;165;224m▀[38;2;184;188;223m▀[38;2;183;188;223m[48;2;149;165;223m▀[38;2;191;192;223m▀[38;2;185;186;219m[48;2;149;165;224m▀[38;2;181;188;224m[48;2;155;169;226m▀[38;2;190;191;224m[48;2;161;173;227m▀[38;2;196;197;224m[48;2;160;175;229m▀[38;2;190;191;224m[48;2;164;170;220m▀[38;2;197;148;145m[48;2;166;89;81m▀[38;2;161;84;51m[48;2;147;69;37m▚[38;2;154;89;47m[48;2;135;65;36m▄[38;2;192;115;64m[48;2;173;95;44m▐[38;2;241;152;82m[48;2;197;99;46m▀[38;2;218;124;67m[48;2;171;76;35m▀[38;2;174;86;46m[48;2;143;62;29m▘[38;2;173;98;57m[48;2;135;67;33m▀[38;2;173;110;69m[48;2;133;76;42m▄[38;2;142;93;61m[48;2;83;45;26m▄[38;2;112;79;58m[48;2;81;54;36m▄[38;2;90;67;49m[48;2;77;50;37m▘[38;2;67;44;26m[48;2;53;30;17m▖[38;2;55;33;18m[48;2;45;24;12m▄[38;2;58;36;21m[48;2;44;26;14m▄[38;2;65;38;19m[48;2;52;30;15m▄[38;2;73;51;29m[48;2;66;43;23m▄[38;2;71;49;34m[48;2;57;35;20m▌[38;2;68;44;25m[48;2;52;31;18m▄[38;2;86;54;30m[48;2;73;43;19m▐[38;2;96;62;36m[48;2;90;56;30m▀[38;2;101;67;38m[48;2;89;55;26m▀[38;2;107;78;47m[48;2;93;61;33m▀[38;2;103;74;44m[48;2;93;64;34m▀[38;2;83;57;34m[48;2;53;30;10m▛[38;2;50;28;13m[48;2;43;22;7m▚[0m
[38;2;111;105;116m[48;2;74;68;84m▝[38;2;173;157;158m[48;2;68;57;68m▘[38;2;69;64;78m[48;2;50;45;59m▞[38;2;76;75;92m[48;2;56;55;72m▚[38;2;69;61;79m[48;2;45;42;61m▟[38;2;60;60;76m[48;2;46;45;66m▟[38;2;71;70;91m[48;2;54;54;72m▀[38;2;87;85;109m[48;2;60;61;88m▜[38;2;208;182;159m[48;2;111;91;83m▝[38;2;232;202;167m[48;2;167;138;113m▘[38;2;160;127;106m[48;2;99;75;67m▄[38;2;125;101;89m[48;2;93;72;65m▖[38;2;97;74;69m[48;2;86;71;66m▄[38;2;127;102;91m[48;2;89;78;72m▄[38;2;110;91;84m[48;2;89;72;67m▖[38;2;90;79;72m[48;2;86;74;68m▐[38;2;106;93;88m[48;2;94;79;74m▙[38;2;103;87;82m[48;2;87;71;67m▝[38;2;123;100;122m[48;2;118;96;112m▀[38;2;173;138;202m[48;2;160;125;189m▚[38;2;202;154;225m[48;2;150;98;179m▗[38;2;252;167;247m[48;2;209;117;206m▖[38;2;192;98;182m[48;2;154;75;145m▛[38;2;130;95;116m[48;2;114;95;99m▀[38;2;111;97;94m[48;2;99;85;81m▌[38;2;117;104;98m[48;2;100;88;82m▜[38;2;119;108;103m[48;2;113;102;97m▐[38;2;104;115;96m[48;2;101;111;92m▌[38;2;96;130;81m[48;2;87;121;72m▐[38;2;145;170;80m[48;2;79;144;69m▄[38;2;167;189;71m[48;2;82;142;76m▄[38;2;180;192;75m[48;2;91;142;65m▄[38;2;182;199;70m[48;2;95;152;67m▄[38;2;186;192;78m[48;2;100;148;75m▄[38;2;107;59;39m[48;2;81;33;13m▌[38;2;128;95;96m[48;2;112;79;80m▐[38;2;107;71;73m[48;2;75;39;41m▌[38;2;177;175;100m[48;2;102;100;26m▐[38;2;175;189;67m[48;2;115;162;76m▄[38;2;173;186;70m[48;2;111;158;73m▄[38;2;174;185;72m[48;2;127;163;87m▄[38;2;173;191;149m[48;2;170;181;71m▀[38;2;176;186;169m[48;2;166;176;72m▀[38;2;175;188;174m[48;2;167;178;78m▀[38;2;170;184;175m[48;2;166;176;81m▀[38;2;168;182;178m[48;2;163;175;80m▀[38;2;164;181;180m[48;2;163;174;79m▀[38;2;173;187;175m[48;2;165;176;78m▀[38;2;174;189;171m[48;2;166;179;78m▀[38;2;172;186;179m[48;2;168;178;81m▀[38;2;171;185;173m[48;2;164;175;80m▀[38;2;168;182;178m[48;2;162;173;80m▀[38;2;166;179;176m[48;2;160;172;79m▀[38;2;168;177;164m[48;2;158;169;71m▀[38;2;176;125;78m[48;2;142;91;45m▌[38;2;132;71;35m[48;2;97;52;28m▀[38;2;110;67;33m[48;2;95;61;34m▀[38;2;112;69;35m[48;2;85;51;27m▀[38;2;164;93;51m[48;2;106;53;20m▝[38;2;188;105;56m[48;2;167;77;32m▙[38;2;160;88;46m[48;2;143;71;32m▄[38;2;143;79;40m[48;2;137;70;35m▟[38;2;171;91;63m[48;2;159;85;49m▝[38;2;174;99;79m[48;2;117;61;43m▀[38;2;112;72;62m[48;2;88;46;34m▘[38;2;66;39;23m[48;2;62;36;20m▞[38;2;65;39;18m[48;2;59;36;16m▀[38;2;59;35;18m[48;2;58;34;17m▟[38;2;70;43;24m[48;2;64;37;17m▐[38;2;75;47;25m[48;2;73;45;23m▖[38;2;72;49;29m[48;2;53;32;19m▀[38;2;46;30;17m[48;2;42;25;12m▐[38;2;76;51;27m[48;2;66;40;17m▝[38;2;87;58;31m[48;2;68;42;19m▀[38;2;84;57;30m[48;2;61;38;18m▀[38;2;80;48;21m[48;2;60;36;17m▀[38;2;83;52;24m[48;2;62;40;18m▀[38;2;78;50;26m[48;2;44;28;11m▀[38;2;49;32;18m[48;2;28;14;3m▘[38;2;43;28;12m[48;2;36;20;4m▐[0m
[38;2;63;61;80m[48;2;55;55;71m▀[38;2;57;57;74m[48;2;44;44;60m▀[38;2;48;48;62m[48;2;41;38;55m▄[38;2;109;105;113m[48;2;80;75;83m▐[38;2;109;108;120m[48;2;91;83;97m▄[38;2;95;92;111m[48;2;81;77;90m▙[38;2;90;85;101m[48;2;58;58;72m▄[38;2;91;89;107m[48;2;60;59;84m▄[38;2;101;97;123m[48;2;82;73;94m▖[38;2;153;121;113m[48;2;125;94;85m▐[38;2;185;151;124m[48;2;143;108;91m▄[38;2;193;165;145m[48;2;138;109;94m▘[38;2;178;154;137m[48;2;117;94;83m▗[38;2;218;203;176m[48;2;153;119;103m▄[38;2;214;200;177m[48;2;132;107;96m▄[38;2;178;162;142m[48;2;84;69;64m▄[38;2;114;92;84m[48;2;94;77;72m▟[38;2;162;134;114m[48;2;117;94;86m▄[38;2;155;127;117m[48;2;140;116;111m▖[38;2;156;122;163m[48;2;132;99;140m▐[38;2;189;147;210m[48;2;151;109;173m▐[38;2;200;138;205m[48;2;155;108;165m▛[38;2;142;102;132m[48;2;126;87;117m▚[38;2;106;92;88m[48;2;100;86;82m▞[38;2;115;103;97m[48;2;108;96;90m▞[38;2;119;108;102m[48;2;110;99;93m▖[38;2;114;102;96m[48;2;111;100;94m▞[38;2;118;109;102m[48;2;110;100;93m▘[38;2;122;92;88m[48;2;118;88;83m▌[38;2;119;97;82m[48;2;117;67;61m▀[38;2;135;103;61m[48;2;106;51;44m▀[38;2;146;114;58m[48;2;119;60;50m▀[38;2;154;144;59m[48;2;135;76;52m▀[38;2;158;135;60m[48;2;123;65;40m▀[38;2;98;47;36m[48;2;78;27;16m▐[38;2;129;105;105m[48;2;116;90;93m▟[38;2;118;91;101m[48;2;86;59;66m▙[38;2;145;132;75m[48;2;95;83;25m▐[38;2;136;146;50m[48;2;127;137;42m▜[38;2;144;153;59m[48;2;138;146;51m▘[38;2;142;152;57m[48;2;130;138;51m▀[38;2;142;153;58m[48;2;136;145;53m▀[38;2;143;152;58m[48;2;139;148;54m▘[38;2;139;148;56m[48;2;135;144;52m▌[38;2;139;150;57m[48;2;138;147;55m▐[38;2;145;154;58m[48;2;141;152;57m▖[38;2;142;152;57m[48;2;139;148;54m▌[38;2;145;153;59m[48;2;143;150;54m▜[38;2;145;154;60m[48;2;146;152;53m▀[38;2;148;158;61m[48;2;146;154;56m▘[38;2;148;158;63m[48;2;147;157;58m▝[38;2;144;154;57m[48;2;143;153;56m▌[38;2;146;155;56m[48;2;138;150;57m▄[38;2;146;153;58m[48;2;136;147;54m▄[38;2;148;156;59m[48;2;131;132;47m▙[38;2;135;130;52m[48;2;97;65;31m▄[38;2;107;79;42m[48;2;85;53;25m▖[38;2;80;47;23m[48;2;79;45;21m▐[38;2;87;50;24m[48;2;72;39;16m▄[38;2;133;83;47m[48;2;94;51;21m▝[38;2;148;88;46m[48;2;101;54;25m▀[38;2;123;77;45m[48;2;98;55;26m▘[38;2;95;52;23m[48;2;78;45;22m▀[38;2;71;43;24m[48;2;53;25;6m▌[38;2;84;70;51m[48;2;70;39;23m▄[38;2;78;61;41m[48;2;60;34;14m▄[38;2;65;41;24m[48;2;59;33;15m▖[38;2;59;37;22m[48;2;56;33;16m▗[38;2;66;41;30m[48;2;58;35;15m▄[38;2;62;38;25m[48;2;56;32;19m▌[38;2;44;27;15m[48;2;34;19;8m▛[38;2;42;27;14m[48;2;36;21;9m▐[38;2;59;48;35m[48;2;49;28;15m▄[38;2;50;40;30m[48;2;46;36;23m▄[38;2;62;52;36m▄[38;2;74;63;50m[48;2;65;51;37m▄[38;2;66;58;44m[48;2;59;50;35m▖[38;2;45;38;29m[48;2;18;11;3m▌[38;2;28;19;11m[48;2;16;9;2m▗[38;2;68;45;25m[48;2;45;26;10m▗[0m
[38;2;112;105;121m[48;2;61;59;74m▄[38;2;142;130;142m[48;2;69;66;79m▄[38;2;148;135;148m[48;2;88;82;95m▄[38;2;136;125;140m[48;2;98;95;107m▄[38;2;133;122;137m[48;2;114;111;121m▄[38;2;140;128;140m[48;2;96;92;111m▄[38;2;137;122;136m[48;2;101;94;114m▄[38;2;134;130;150m[48;2;127;117;134m▝[38;2;118;113;143m[48;2;77;70;98m▘[38;2;171;155;158m[48;2;100;83;87m▐[38;2;252;241;206m[48;2;222;202;168m▟[38;2;249;245;213m[48;2;240;229;194m▄[38;2;235;224;196m[48;2;143;122;97m▙[38;2;175;159;141m[48;2;113;90;82m▀[38;2;170;149;132m[48;2;115;91;74m▜[38;2;169;147;132m[48;2;134;108;94m▀[38;2;220;198;175m[48;2;171;149;125m▐[38;2;254;239;205m[48;2;230;214;179m▌[38;2;132;109;100m[48;2;105;82;72m▌[38;2;145;108;141m[48;2;100;73;91m▝[38;2;122;86;148m[48;2;83;60;104m▀[38;2;114;94;123m[48;2;94;74;103m▚[38;2;125;113;110m[48;2;119;106;103m▌[38;2;121;110;102m[48;2;97;86;78m▌[38;2;120;108;100m[48;2;106;94;86m▐[38;2;120;111;103m[48;2;119;108;102m▗[38;2;115;103;97m[48;2;108;96;91m▝[38;2;116;93;85m[48;2;108;85;77m▐[38;2;136;80;67m[48;2;118;61;48m▌[38;2;107;54;44m[48;2;99;48;38m▀[38;2;102;53;41m[48;2;101;52;40m▐[38;2;107;54;43m[48;2;95;46;33m▀[38;2;116;56;42m[48;2;107;47;33m▜[38;2;106;50;39m[48;2;89;34;22m▌[38;2;138;91;91m[48;2;99;53;52m▐[38;2;171;134;136m[48;2;138;111;113m▄[38;2;150;119;127m[48;2;124;98;108m▖[38;2;115;92;79m[48;2;96;72;60m▞[38;2;122;126;46m[48;2;88;94;34m▀[38;2;121;128;47m[48;2;88;98;38m▀[38;2;115;121;46m[48;2;86;96;33m▀[38;2;114;120;45m[48;2;85;93;31m▀[38;2;114;119;45m[48;2;84;94;36m▀[38;2;119;126;46m[48;2;86;94;32m▀[38;2;119;126;48m[48;2;98;108;42m▀[38;2;116;123;45m[48;2;91;100;34m▀[38;2;113;119;47m[48;2;92;102;35m▀[38;2;115;121;46m[48;2;97;104;38m▀[38;2;118;123;43m[48;2;104;112;40m▀[38;2;125;129;49m[48;2;116;121;42m▀[38;2;127;133;49m[48;2;112;118;43m▀[38;2;124;129;48m[48;2;103;108;42m▀[38;2;119;123;46m[48;2;91;100;34m▀[38;2;117;120;47m[48;2;93;100;35m▀[38;2;116;120;49m[48;2;102;107;39m▀[38;2;110;116;45m[48;2;104;112;39m▖[38;2;105;109;42m[48;2;95;91;33m▙[38;2;99;102;37m[48;2;87;58;27m▄[38;2;105;98;38m[48;2;80;48;20m▄[38;2;106;110;40m[48;2;76;55;25m▄[38;2;109;117;42m[48;2;79;59;26m▄[38;2;100;92;35m[48;2;82;48;24m▄[38;2;131;82;48m[48;2;95;53;33m▄[38;2;94;47;36m[48;2;62;35;21m▄[38;2;96;82;67m[48;2;79;49;37m▝[48;2;80;46;34m▀[38;2;76;53;45m[48;2;74;42;27m▀[38;2;81;52;51m[48;2;61;35;18m▀[38;2;70;39;30m[48;2;50;29;16m▀[38;2;52;34;20m[48;2;38;24;14m▘[38;2;57;48;34m[48;2;31;20;10m▄[38;2;65;56;42m[48;2;51;42;29m▞[38;2;59;51;37m[48;2;45;37;23m▘[38;2;74;63;48m[48;2;55;44;30m▗[38;2;80;69;53m[48;2;73;62;46m▞[38;2;74;61;47m[48;2;71;59;45m▌[38;2;54;44;34m[48;2;24;17;11m▀[38;2;39;25;13m[48;2;19;10;1m▗[38;2;69;41;17m[48;2;45;25;9m▄[38;2;94;61;29m[48;2;75;46;17m▟[0m
[38;2;112;107;125m[48;2;73;67;93m▀[38;2;145;135;147m[48;2;91;86;104m▀[38;2;165;152;163m[48;2;129;121;135m▀[38;2;182;155;160m[48;2;140;122;133m▗[38;2;255;249;229m[48;2;199;183;181m▄[38;2;248;238;221m[48;2;241;231;215m▞[38;2;248;240;224m[48;2;246;223;208m▀[38;2;236;189;175m[48;2;181;135;121m▌[38;2;126;80;91m[48;2;101;34;31m▀[38;2;123;110;132m[48;2;98;72;86m▜[38;2;255;247;222m[48;2;208;198;173m▐[38;2;253;249;219m[48;2;247;241;210m▌[38;2;196;174;149m[48;2;128;103;92m▀[38;2;225;203;183m[48;2;150;127;109m▗[38;2;252;246;224m[48;2;175;157;131m▟[38;2;207;190;165m[48;2;118;95;75m▙[38;2;167;145;120m[48;2;128;104;94m▄[38;2;240;225;196m[48;2;159;144;115m▐[38;2;243;235;205m[48;2;150;131;103m▙[38;2;165;145;116m[48;2;112;92;78m▖[38;2;126;107;79m[48;2;92;74;82m▄[38;2;132;118;87m[48;2;118;103;97m▄[38;2;127;114;93m[48;2;123;108;100m▄[38;2;134;119;109m[48;2;116;101;91m▌[38;2;122;107;98m[48;2;94;80;70m▐[38;2;119;108;101m[48;2;100;88;81m▛[38;2;114;99;94m[48;2;110;95;89m▌[38;2;107;90;83m[48;2;99;82;75m▌[38;2;136;77;68m[48;2;122;70;58m▄[38;2;115;59;49m[48;2;106;51;40m▌[38;2;103;54;41m[48;2;98;50;37m▘[38;2;98;45;31m[48;2;94;44;29m▖[38;2;109;46;35m[48;2;105;43;31m▐[38;2;162;111;112m[48;2;109;54;54m▄[38;2;229;191;178m[48;2;183;141;139m▄[38;2;238;200;185m[48;2;220;182;171m▄[38;2;199;159;160m[48;2;165;125;125m▌[38;2;130;97;110m[48;2;117;86;96m▙[38;2;126;111;70m[48;2;101;86;45m▐[38;2;157;164;55m[48;2;118;129;43m▄[38;2;158;166;64m[48;2;113;122;43m▄[38;2;154;159;54m[48;2;105;113;37m▄[38;2;162;166;61m[48;2;127;134;53m▄[38;2;167;172;67m[48;2;133;139;55m▄[38;2;153;162;56m[48;2;131;136;48m▄[38;2;151;157;54m[48;2;142;148;51m▖[38;2;159;165;62m[48;2;149;154;61m▄[38;2;160;167;61m[48;2;154;159;58m▗[38;2;161;164;63m[48;2;153;160;54m▀[38;2;156;161;55m[48;2;148;155;49m▀[38;2;159;164;61m[48;2;151;155;51m▟[38;2;157;160;59m[48;2;154;158;56m▀[38;2;158;163;58m[48;2;153;158;53m▐[38;2;166;167;63m[48;2;153;156;55m▄[38;2;170;172;64m[48;2;164;168;60m▄[38;2;172;173;67m[48;2;163;164;58m▐[38;2;172;172;64m[48;2;161;162;55m▀[38;2;171;172;65m[48;2;164;165;58m▚[38;2;175;178;69m[48;2;172;175;66m▐[38;2;180;184;72m[48;2;172;176;65m▌[38;2;167;167;60m[48;2;161;166;58m▀[38;2;163;168;60m[48;2;153;158;49m▜[38;2;172;176;74m[48;2;145;150;48m▌[38;2;155;163;64m[48;2;117;94;40m▄[38;2;149;147;65m[48;2;81;54;27m▄[38;2;131;111;82m[48;2;70;45;24m▄[38;2;106;89;69m[48;2;69;47;27m▄[38;2;109;96;75m[48;2;60;43;29m▄[38;2;87;77;61m[48;2;58;47;35m▄[38;2;83;73;58m[48;2;68;57;44m▖[38;2;62;54;40m[48;2;46;37;27m▀[38;2;49;41;27m[48;2;42;33;22m▗[38;2;76;62;47m[48;2;54;44;29m▄[38;2;79;64;48m[48;2;76;62;44m▀[38;2;85;70;55m[48;2;77;63;47m▄[38;2;65;57;48m[48;2;26;18;11m▌[38;2;47;32;18m[48;2;21;11;3m▗[38;2;81;52;25m[48;2;59;35;16m▄[38;2;105;70;36m[48;2;91;57;28m▄[38;2;116;82;48m[48;2;106;69;36m▄[0m
[38;2;99;102;118m[48;2;80;76;102m▄[38;2;101;103;123m[48;2;70;68;91m▖[38;2;143;121;134m[48;2;97;75;88m▐[38;2;152;101;106m[48;2;123;68;70m▛[38;2;222;188;174m[48;2;148;95;90m▀[38;2;235;201;185m[48;2;214;168;156m▀[38;2;226;186;170m[48;2;198;150;143m▀[38;2;194;139;132m[48;2;103;48;45m▘[38;2;82;24;20m[48;2;64;13;7m▘[38;2;120;91;96m[48;2;64;34;40m▐[38;2;203;197;159m[48;2;153;147;109m▐[38;2;220;213;119m[48;2;181;158;121m▄[38;2;190;184;82m[48;2;124;102;80m▄[38;2;235;226;140m[48;2;172;152;123m▄[38;2;250;251;215m[48;2;239;237;175m▛[38;2;254;254;230m[48;2;245;245;204m▜[38;2;252;253;189m[48;2;238;232;189m▙[38;2;250;249;165m[48;2;233;230;176m▟[38;2;251;254;194m[48;2;244;251;130m▀[38;2;241;248;132m[48;2;200;197;116m▙[38;2;220;238;94m[48;2;192;191;94m▄[38;2;226;240;103m[48;2;221;221;116m▄[38;2;221;233;102m[48;2;192;190;106m▄[38;2;182;195;78m[48;2;143;138;87m▄[38;2;178;191;77m[48;2;134;129;78m▄[38;2;173;178;70m[48;2;128;119;77m▄[38;2;166;175;66m[48;2;135;127;81m▄[38;2;160;167;61m[48;2;134;126;69m▄[38;2;164;164;67m[48;2;138;95;61m▄[38;2;136;111;56m[48;2;105;55;44m▄[38;2;108;53;44m[48;2;100;48;38m▖[38;2;131;55;42m[48;2;107;42;29m▗[38;2;211;138;122m[48;2;147;81;74m▄[38;2;220;170;162m[48;2;208;158;152m▟[38;2;245;207;194m[48;2;229;188;176m▝[38;2;231;193;182m[48;2;216;174;169m▀[38;2;203;161;159m[48;2;182;141;140m▘[38;2;160;126;135m[48;2;140;106;115m▌[38;2;122;96;102m[48;2;113;87;93m▌[38;2;149;147;67m[48;2;109;98;42m▜[38;2;153;162;55m[48;2;149;157;57m▀[38;2;155;161;60m[48;2;146;152;51m▐[38;2;158;165;61m[48;2;154;160;57m▌[38;2;166;171;63m[48;2;157;165;52m▀[38;2;161;168;61m[48;2;153;161;57m▘[38;2;147;157;51m[48;2;147;154;52m▘[38;2;140;147;43m[48;2;133;141;36m▌[38;2;144;152;52m[48;2;139;147;47m▌[38;2;150;160;55m[48;2;140;151;47m▜[38;2;149;159;55m[48;2;143;153;48m▌[38;2;152;161;59m[48;2;138;151;49m▜[38;2;148;154;54m[48;2;131;142;47m▀[38;2;147;154;54m[48;2;137;147;47m▜[38;2;150;158;56m[48;2;134;144;47m▀[38;2;150;156;53m[48;2;133;144;46m▀[38;2;152;160;60m[48;2;138;147;55m▀[48;2;145;154;60m▀[38;2;142;150;50m[48;2;127;139;43m▀[38;2;147;153;53m[48;2;135;144;50m▀[38;2;153;162;61m[48;2;132;143;50m▀[38;2;154;162;63m[48;2;147;159;66m▀[38;2;152;158;59m[48;2;136;144;50m▝[38;2;155;164;67m[48;2;145;154;62m▜[38;2;157;164;76m[48;2;143;151;62m▐[38;2;163;166;65m[48;2;152;157;61m▀[38;2;241;223;165m[48;2;212;194;136m▚[38;2;192;158;121m[48;2;141;119;95m▄[38;2;128;107;84m[48;2;113;93;69m▌[38;2;98;81;65m[48;2;87;70;54m▌[38;2;66;53;43m[48;2;51;38;27m▌[38;2;63;52;39m[48;2;43;34;24m▄[38;2;78;65;48m[48;2;58;47;32m▟[38;2;80;69;50m[48;2;77;66;47m▚[38;2;91;75;60m[48;2;83;70;51m▄[38;2;74;61;49m[48;2;22;10;3m▛[38;2;53;35;23m[48;2;26;14;5m▗[38;2;86;59;32m[48;2;63;41;19m▄[38;2;107;76;48m[48;2;95;64;33m▄[38;2;116;81;49m[48;2;100;72;48m▀[38;2;115;81;54m[48;2;93;72;60m▀[0m
[38;2;77;81;94m[48;2;63;64;79m▝[38;2;94;94;108m[48;2;80;81;95m▐[38;2;107;108;116m[48;2;107;99;108m▄[38;2;110;83;87m[48;2;74;47;50m▌[38;2;89;30;30m[48;2;60;12;8m▀[38;2;120;64;64m[48;2;67;12;11m▀[38;2;105;51;53m[48;2;55;7;5m▀[38;2;62;18;17m[48;2;47;9;4m▘[38;2;60;33;35m[48;2;40;8;4m▗[38;2;145;138;126m[48;2;78;71;60m▐[38;2;220;231;109m[48;2;187;193;78m▀[38;2;227;238;97m[48;2;174;181;62m▀[38;2;203;210;67m[48;2;164;170;55m▀[38;2;199;205;73m[48;2;166;169;54m▀[38;2;195;197;84m[48;2;156;163;54m▀[38;2;210;218;105m[48;2;169;178;69m▀[38;2;206;215;91m[48;2;151;158;52m▀[38;2;215;224;93m[48;2;161;170;61m▀[38;2;220;232;96m[48;2;171;183;69m▀[38;2;191;207;69m[48;2;153;165;54m▀[38;2;182;198;71m[48;2;149;160;53m▀[38;2;171;186;69m[48;2;141;156;54m▀[38;2;156;169;54m[48;2;137;152;51m▀[38;2;151;163;56m[48;2;136;147;50m▀[38;2;146;157;55m[48;2;138;147;55m▀[38;2;151;161;60m[48;2;135;146;51m▀[38;2;135;150;49m[48;2;121;135;42m▀[38;2;147;160;58m[48;2;139;151;53m▘[38;2;166;179;76m[48;2;141;151;53m▝[38;2;156;161;66m[48;2;139;137;53m▙[38;2;144;130;57m[48;2;116;71;45m▄[38;2;186;87;62m[48;2;157;58;33m▐[38;2;215;134;116m[48;2;198;101;82m▀[38;2;202;145;135m[48;2;180;121;113m▀[38;2;209;166;158m[48;2;174;132;128m▀[38;2;195;153;148m[48;2;165;131;129m▀[38;2;153;118;122m[48;2;135;109;111m▀[38;2;148;125;131m[48;2;128;109;115m▘[38;2;116;96;109m[48;2;110;90;101m▀[38;2;148;131;91m[48;2;90;73;33m▐[38;2;154;166;62m[48;2;147;159;56m▌[38;2;158;168;68m[48;2;142;150;53m▗[38;2;145;155;54m[48;2;139;150;48m▄[38;2;139;151;49m[48;2;135;146;45m▌[38;2;142;150;54m[48;2;136;144;47m▐[38;2;148;159;55m[48;2;142;151;48m▄[38;2;146;156;52m[48;2;129;139;35m▌[38;2;140;153;63m[48;2;126;139;49m▐[38;2;152;164;67m[48;2;129;140;44m▐[38;2;133;145;50m[48;2;123;137;41m▟[38;2;154;166;68m[48;2;140;155;57m▖[38;2;136;148;53m[48;2;127;139;43m▄[38;2;132;143;47m[48;2;122;136;42m▛[38;2;127;139;43m[48;2;119;129;38m▀[38;2;127;138;50m[48;2;113;124;36m▌[38;2;127;137;48m[48;2;119;132;46m▛[38;2;134;143;51m[48;2;127;137;51m▀[38;2;128;138;49m[48;2;124;134;45m▌[38;2;136;147;56m[48;2;129;141;49m▐[38;2;133;144;54m[48;2;127;138;48m▐[38;2;138;149;60m[48;2;128;138;52m▀[38;2;129;139;52m[48;2;125;136;49m▛[38;2;146;155;59m[48;2;135;143;48m▐[38;2;136;145;59m[48;2;119;128;41m▌[38;2;149;155;65m[48;2;135;142;52m▐[38;2;233;224;149m[48;2;195;186;111m▐[38;2;236;201;154m[48;2;199;164;117m▌[38;2;170;124;95m[48;2;143;107;82m▄[38;2;130;97;76m[48;2;111;77;56m▌[38;2;96;75;53m[48;2;81;65;48m▄[38;2;87;70;50m[48;2;85;68;48m▞[38;2;91;72;53m[48;2;83;67;47m▗[38;2;97;81;61m[48;2;87;73;55m▄[38;2;87;73;59m[48;2;42;28;15m▛[38;2;60;39;26m[48;2;35;21;10m▗[38;2;73;54;35m[48;2;63;38;17m▟[38;2;101;75;49m[48;2;81;62;43m▝[38;2;107;93;81m[48;2;89;69;52m▗[38;2;104;90;79m[48;2;88;74;63m▞[38;2;99;84;76m[48;2;62;41;28m▀[0m