[38;2;204;201;223m[48;2;201;200;223m▄[48;2;200;199;223m▄[48;2;200;198;223m▄[38;2;203;200;224m[48;2;199;197;222m▄[48;2;196;198;222m▄[48;2;198;198;222m▖[38;2;202;198;223m[48;2;198;197;222m▄[38;2;203;200;224m▄▄▄[48;2;199;197;222m▖[48;2;198;197;222m▄[48;2;197;196;221m▄▄▄[48;2;195;196;223m▄[48;2;195;197;221m▄[38;2;201;200;223m[48;2;195;196;223m▄▄[38;2;200;198;222m[48;2;194;195;222m▄[38;2;197;200;222m▄[38;2;197;200;223m[48;2;193;194;221m▄[38;2;196;198;222m[48;2;192;194;221m▄[48;2;193;195;222m▄▄[48;2;192;194;221m▄[48;2;194;195;222m▄[48;2;194;197;221m▄[48;2;194;195;222m▄[38;2;200;198;222m[48;2;194;196;219m▗[48;2;194;196;220m▄[48;2;195;197;221m▄[48;2;198;197;222m▄[38;2;201;200;223m▄▄▄[38;2;201;200;221m[48;2;199;197;221m▄[48;2;200;198;222m▄[38;2;210;205;222m[48;2;201;198;220m▗[38;2;203;199;219m[48;2;201;193;207m▜[38;2;204;202;221m[48;2;201;200;221m▄[38;2;203;202;220m[48;2;201;201;218m▟[38;2;205;203;222m[48;2;203;201;219m▄▄[38;2;206;203;222m▄[38;2;213;208;224m▄[38;2;205;200;216m[48;2;181;167;174m▛[38;2;207;204;223m[48;2;188;178;188m▀[38;2;207;204;220m[48;2;204;202;221m▄[38;2;208;203;220m[48;2;205;203;222m▄[38;2;211;206;218m[48;2;205;203;219m▄[38;2;213;207;220m[48;2;208;203;219m▄[38;2;214;208;221m[48;2;209;204;221m▄[38;2;215;209;222m[48;2;211;204;221m▄[38;2;217;209;221m[48;2;213;207;220m▄[38;2;218;210;222m[48;2;214;208;221m▄[48;2;215;209;222m▄[38;2;217;210;222m▟[38;2;218;209;222m▙[38;2;221;210;221m▄[38;2;230;220;221m[48;2;216;208;220m▄[38;2;249;236;215m[48;2;223;214;220m▄[38;2;251;238;210m[48;2;244;230;216m▄[48;2;249;236;210m▗[38;2;249;239;214m[48;2;250;238;212m▟[38;2;250;237;211m[48;2;247;232;205m▛[38;2;250;235;208m[48;2;251;223;201m▀[38;2;251;228;204m[48;2;252;219;198m▀[38;2;251;218;198m[48;2;250;217;198m▙[38;2;252;223;202m[48;2;249;220;199m▐[38;2;251;229;207m[48;2;250;228;205m▜[38;2;251;230;208m[48;2;251;230;208m [48;2;250;229;207m▘▗[38;2;251;229;207m[48;2;250;228;206m▌[38;2;252;226;205m[48;2;250;223;202m▖[38;2;250;222;202m[48;2;250;218;201m▄[38;2;250;218;201m[48;2;250;216;200m▄[48;2;250;218;201m [38;2;249;219;202m[48;2;249;218;201m▗[0m
[38;2;217;209;223m[48;2;210;205;222m▄[38;2;218;207;225m[48;2;210;205;223m▄[48;2;209;204;222m▄[38;2;217;208;225m▄[38;2;216;207;224m[48;2;208;203;221m▄[48;2;208;203;223m▄[38;2;216;208;222m▄[38;2;214;207;223m[48;2;206;203;222m▄[48;2;205;203;222m▄[38;2;212;205;223m[48;2;204;202;221m▄[38;2;210;205;223m▄▄[38;2;209;204;222m▄[38;2;208;203;221m▄[38;2;207;204;221m▄▄[38;2;207;204;223m▄▄[38;2;205;203;222m[48;2;203;201;220m▄[48;2;203;200;222m▄[48;2;204;201;225m▄▄[48;2;203;202;225m▄[38;2;205;202;224m[48;2;202;201;224m▄[48;2;201;200;223m▄▄[48;2;202;201;224m▄▄[48;2;201;200;223m▄[38;2;207;203;225m[48;2;202;201;224m▄[38;2;207;204;223m[48;2;202;201;222m▄[38;2;206;203;222m▄▄[38;2;207;204;223m▄[48;2;204;201;223m▄[38;2;207;204;221m[48;2;204;202;221m▄[38;2;209;204;221m▄[38;2;217;209;221m▄[38;2;220;213;222m[48;2;210;204;217m▟[38;2;228;205;203m[48;2;192;170;168m▌[38;2;210;202;216m[48;2;176;162;169m▜[38;2;212;209;222m[48;2;207;204;221m▄[38;2;215;209;222m▄[38;2;219;213;223m▄[38;2;216;205;211m[48;2;150;127;125m▛[38;2;176;154;152m[48;2;109;77;78m▀[38;2;129;101;104m[48;2;105;77;79m▚[38;2;203;190;199m[48;2;117;98;104m▟[38;2;217;210;222m[48;2;214;208;221m▙[38;2;221;210;223m▄[48;2;215;209;220m▄[48;2;216;210;221m▄[48;2;218;210;222m▄[48;2;219;209;222m▄[38;2;224;212;221m[48;2;221;210;223m▄[48;2;221;210;221m▄[38;2;225;211;221m[48;2;223;210;221m▄[38;2;227;213;222m▄[38;2;228;214;223m[48;2;224;213;221m▄[38;2;236;223;225m[48;2;229;215;221m▗[38;2;250;238;219m[48;2;238;228;215m▟[38;2;251;239;211m[48;2;249;236;208m▛[38;2;252;233;208m[48;2;251;229;204m▀[38;2;251;230;205m[48;2;251;223;201m▀[38;2;250;229;204m[48;2;250;222;200m▀[38;2;250;227;203m▀[38;2;252;222;200m[48;2;251;218;197m▘[38;2;252;219;198m[48;2;250;217;196m▗[38;2;250;222;200m[48;2;251;221;198m▟[38;2;251;223;202m[48;2;250;222;200m▟[38;2;252;226;204m[48;2;250;224;202m▐[38;2;251;230;208m[48;2;250;229;207m▟[38;2;252;231;209m[48;2;251;230;208m▗▟[38;2;251;230;208m[48;2;249;228;205m▛[38;2;252;226;205m[48;2;250;223;203m▘[38;2;251;223;203m[48;2;250;222;202m▘[38;2;250;222;202m[48;2;249;221;201m▄[38;2;249;221;202m[48;2;249;221;202m [38;2;249;219;202m[48;2;249;219;202m [0m
[38;2;226;214;226m[48;2;224;211;224m▄▄[38;2;226;214;224m▄[48;2;222;211;224m▄[38;2;226;214;226m[48;2;221;210;223m▄▄▄[48;2;221;210;225m▄[38;2;226;214;224m[48;2;219;209;224m▄▄[38;2;225;212;223m[48;2;217;209;223m▄[38;2;224;211;224m▄[48;2;216;207;224m▄[38;2;221;210;223m[48;2;216;208;222m▄[38;2;221;210;225m[48;2;214;207;223m▄▄▄[38;2;219;209;224m▄[48;2;211;207;223m▄[38;2;218;210;224m[48;2;210;205;223m▄[38;2;217;208;225m▄[38;2;217;209;223m[48;2;209;207;225m▄[38;2;217;208;225m▄[38;2;216;209;225m▄▄[38;2;217;210;226m▄[38;2;216;209;225m▄[48;2;210;208;224m▄▄[38;2;216;210;223m▄[38;2;217;211;224m[48;2;210;208;223m▄[38;2;223;216;223m[48;2;211;207;223m▄[38;2;238;231;223m[48;2;216;210;223m▄[38;2;246;236;220m[48;2;218;212;223m▄[38;2;243;232;220m[48;2;217;211;224m▄[38;2;243;231;222m[48;2;216;210;223m▄[38;2;246;235;220m[48;2;221;214;221m▄[38;2;251;237;213m[48;2;241;229;220m▄[38;2;246;232;217m[48;2;250;227;207m▀[38;2;251;227;214m[48;2;244;220;207m▌[38;2;211;185;181m[48;2;185;159;155m▞[38;2;228;216;224m[48;2;221;211;222m▗[38;2;225;216;224m[48;2;221;210;223m▄[38;2;232;219;222m[48;2;178;162;158m▛[38;2;151;125;124m[48;2;106;80;79m▘[38;2;160;134;137m[48;2;111;84;84m▗[38;2;223;207;214m[48;2;144;125;131m▟[38;2;229;216;226m[48;2;223;212;223m▙[38;2;230;216;225m[48;2;225;214;222m▄[38;2;230;216;223m▄[48;2;226;215;223m▄[48;2;228;214;223m▄[48;2;226;215;223m▄▄[38;2;231;217;224m[48;2;229;215;224m▄▄[38;2;230;216;223m▄▄[38;2;231;217;224m[48;2;230;216;223m▗[38;2;236;223;224m[48;2;231;218;219m▐[38;2;250;237;215m[48;2;249;235;214m▜[38;2;252;234;208m[48;2;249;230;204m▌[38;2;252;226;203m[48;2;250;224;201m▌[38;2;251;225;202m[48;2;250;223;200m▗[38;2;250;228;203m[48;2;250;222;200m▄[38;2;251;229;204m▄[48;2;251;221;199m▄[38;2;250;228;205m[48;2;252;222;200m▄[38;2;252;226;203m[48;2;251;223;201m▄[38;2;250;228;203m[48;2;251;225;202m▄[38;2;251;229;207m[48;2;250;229;207m▀[38;2;251;230;208m▝▀[38;2;251;229;207m▙[38;2;251;225;207m[48;2;250;224;205m▌[38;2;251;223;203m[48;2;251;222;204m▀[48;2;251;223;203m [48;2;251;222;204m▀[38;2;250;221;203m[48;2;249;219;202m▌[38;2;249;219;202m [0m
[38;2;231;217;226m[48;2;230;216;225m▄▄▄▄▄[48;2;229;215;224m▄[38;2;231;217;227m▄[38;2;232;218;228m[48;2;230;216;225m▄▄[38;2;232;218;225m▄▄[38;2;232;218;228m▄[38;2;231;217;227m[48;2;229;214;225m▄[38;2;231;217;226m[48;2;226;214;224m▄[38;2;230;216;225m▄[48;2;226;214;226m▄[38;2;229;217;225m▄[38;2;228;215;225m▄[48;2;225;212;225m▄[38;2;229;216;226m[48;2;224;214;226m▄[38;2;228;215;225m▄[48;2;223;212;225m▄▄[48;2;223;212;228m▄[38;2;229;216;226m[48;2;223;212;225m▄▄▄[38;2;229;217;225m[48;2;223;213;225m▄[48;2;224;214;226m▄[38;2;228;218;227m▄[38;2;244;233;223m[48;2;228;219;225m▄[38;2;250;237;217m[48;2;245;235;219m▟[38;2;251;242;217m[48;2;251;235;212m▀[38;2;251;238;215m[48;2;250;234;211m▀[38;2;251;237;214m[48;2;250;230;209m▀▀[38;2;252;238;215m[48;2;251;231;210m▀[38;2;251;229;208m[48;2;249;226;205m▌[38;2;251;222;207m[48;2;250;221;205m▜[38;2;250;228;212m[48;2;249;224;212m▄[38;2;232;205;191m[48;2;172;144;130m▌[38;2;233;219;226m[48;2;214;195;191m▝[38;2;233;223;224m[48;2;179;161;156m▀[38;2;192;167;162m[48;2;125;102;99m▘[38;2;222;205;211m[48;2;138;112;114m▄[38;2;235;221;226m[48;2;210;196;201m▟[38;2;235;221;225m[48;2;232;218;223m▄▄▄▄[38;2;235;222;224m▄▄[38;2;238;222;225m▄[38;2;237;221;224m▄▄[38;2;242;227;221m▄[38;2;250;237;214m[48;2;237;224;222m▄[38;2;251;232;206m[48;2;241;225;220m▄[38;2;251;228;208m[48;2;238;222;220m▄[38;2;247;224;212m[48;2;237;220;222m▄[38;2;251;235;215m[48;2;250;230;209m▝[38;2;253;235;209m[48;2;251;230;205m▘[38;2;251;230;205m[48;2;250;229;204m▄[38;2;251;232;206m▄[38;2;251;237;210m[48;2;250;235;208m▟[38;2;251;235;208m[48;2;251;232;207m▙[38;2;252;233;208m[48;2;251;230;205m▄[38;2;251;232;207m▄[38;2;252;231;207m▙[38;2;252;231;209m[48;2;250;229;207m▖[38;2;251;230;208m▄▟[48;2;251;230;208m [48;2;250;229;207m▌[38;2;250;229;207m[48;2;249;227;204m▌[38;2;249;226;204m[48;2;250;223;204m▄[38;2;251;224;205m▟[38;2;252;225;207m▖[38;2;251;223;203m[48;2;251;222;204m▄[48;2;250;222;202m▄[0m
[38;2;235;221;228m[48;2;232;218;228m▄▄[38;2;235;221;225m[48;2;233;219;229m▄▄▄[38;2;235;221;228m▄[38;2;235;221;225m[48;2;233;219;226m▄[38;2;236;222;226m[48;2;234;220;224m▄[48;2;235;221;225m▄▄▄▄[48;2;233;219;224m▄[38;2;235;221;225m[48;2;233;219;226m▄[48;2;232;218;228m▄▄▄[48;2;231;219;228m▄[38;2;233;222;228m▄[48;2;230;218;227m▄[38;2;234;222;225m[48;2;231;219;228m▄[38;2;235;221;225m[48;2;232;218;228m▄[38;2;235;221;228m[48;2;231;219;228m▄[38;2;235;221;225m[48;2;232;218;225m▄[48;2;231;219;228m▄[48;2;231;219;225m▄[38;2;242;230;225m[48;2;232;221;226m▄[38;2;250;241;221m[48;2;236;225;226m▄[38;2;250;237;216m[48;2;237;226;225m▄[38;2;251;235;215m[48;2;241;230;224m▄[38;2;251;237;216m[48;2;251;231;210m▀[38;2;251;231;212m[48;2;250;228;210m▀[38;2;251;230;212m[48;2;250;229;211m▌[38;2;251;229;209m[48;2;250;228;210m▀[48;2;251;229;209m  [48;2;250;228;208m▘[38;2;251;229;207m[48;2;250;228;205m▌[38;2;249;226;208m[48;2;236;212;195m▛[38;2;226;209;196m[48;2;170;152;142m▀[38;2;173;155;148m[48;2;164;146;138m▌[38;2;162;147;135m[48;2;115;105;101m▀[38;2;127;115;109m[48;2;103;93;91m▀[38;2;185;174;173m[48;2;122;110;108m▝[38;2;239;227;229m[48;2;212;200;202m▜[38;2;238;225;228m[48;2;236;222;226m▄[38;2;240;224;228m▄[48;2;236;223;225m▄[38;2;240;224;225m[48;2;238;222;225m▄[38;2;242;224;225m▄[48;2;239;223;224m▄▄[38;2;242;224;223m[48;2;240;223;224m▄▄[38;2;245;231;219m[48;2;241;226;221m▄[38;2;251;238;212m[48;2;249;236;210m▞[38;2;250;235;208m[48;2;250;228;201m▀[38;2;251;225;202m[48;2;251;223;201m▀[38;2;252;226;203m[48;2;251;225;202m▗[38;2;251;229;207m[48;2;250;228;204m▝[38;2;251;232;206m[48;2;250;229;204m▄[38;2;250;237;209m[48;2;251;230;206m▄[38;2;251;236;207m▄[38;2;250;236;207m[48;2;250;235;205m▟[38;2;251;238;210m[48;2;250;237;207m▘[38;2;250;237;209m[48;2;250;237;209m [38;2;253;235;209m[48;2;252;233;208m▛[38;2;251;232;207m[48;2;251;230;206m▀[38;2;251;230;208m[48;2;251;230;208m   [48;2;250;229;207m▀[38;2;250;229;207m  [38;2;251;229;207m[48;2;250;228;206m▖[38;2;250;228;205m[48;2;249;226;204m▙[38;2;250;226;207m[48;2;250;224;205m▖[38;2;251;224;205m[48;2;251;224;205m [38;2;251;223;203m[48;2;251;223;203m [48;2;250;222;200m▀[0m
[38;2;239;226;229m[48;2;237;223;228m▄[38;2;238;224;229m▄[38;2;238;225;228m▄▄[38;2;239;226;229m▄▄▄[48;2;236;222;227m▄[48;2;236;222;226m▄[38;2;238;224;229m▄[48;2;237;223;228m▄▄[38;2;239;226;229m▄[38;2;240;227;227m▄[38;2;248;234;223m[48;2;237;224;227m▄[38;2;249;236;217m[48;2;238;225;228m▄[38;2;248;232;217m[48;2;237;224;227m▄[38;2;245;230;225m[48;2;237;223;228m▄[38;2;243;231;226m▄[38;2;249;239;220m[48;2;241;228;226m▄[38;2;252;239;216m[48;2;247;237;224m▄[38;2;251;237;214m[48;2;243;234;223m▄[38;2;251;237;216m[48;2;243;231;224m▄[38;2;251;237;218m[48;2;242;230;224m▄[38;2;251;237;216m[48;2;245;230;222m▄[38;2;251;237;214m▄[38;2;250;240;220m[48;2;250;235;210m▀[38;2;251;239;213m[48;2;251;230;208m▀[38;2;250;230;209m[48;2;250;226;207m▀[38;2;251;229;209m[48;2;250;228;210m▜[38;2;251;229;210m[48;2;250;228;209m▚[38;2;251;229;211m[48;2;250;228;210m▞[38;2;252;230;212m▘[38;2;251;229;211m[48;2;251;229;211m [48;2;250;228;210m▙[48;2;251;228;208m▄[38;2;250;228;209m[48;2;250;228;209m [38;2;251;229;209m[48;2;250;228;207m▚[38;2;250;226;208m[48;2;238;211;195m▙[38;2;204;173;155m[48;2;162;134;125m▄[38;2;191;168;155m[48;2;171;150;140m▟[38;2;103;89;87m[48;2;93;76;75m▛[38;2;117;101;97m[48;2;89;73;68m▜[38;2;115;104;101m[48;2;107;94;91m▟[38;2;212;202;201m[48;2;134;124;119m▝[38;2;241;225;225m[48;2;194;178;176m▜[38;2;244;229;224m[48;2;242;225;226m▄[38;2;245;230;224m[48;2;242;225;224m▄[38;2;245;230;222m▄[38;2;247;233;219m[48;2;243;226;225m▄[38;2;250;237;216m[48;2;243;228;223m▄[38;2;249;232;213m▄[38;2;250;229;216m▄[38;2;250;230;211m[48;2;243;228;222m▄[38;2;251;237;213m[48;2;248;234;210m▐[38;2;252;237;210m[48;2;250;236;209m▘[38;2;251;232;207m[48;2;251;229;204m▄[38;2;250;231;206m[48;2;251;225;202m▄[38;2;252;233;208m[48;2;251;229;204m▄[38;2;251;232;207m[48;2;252;231;207m▀[38;2;252;233;208m[48;2;251;230;208m▀[38;2;251;236;209m[48;2;251;232;209m▀[48;2;252;234;208m▀[38;2;250;236;208m[48;2;250;236;208m [38;2;251;236;207m[48;2;251;232;207m▀[38;2;252;233;208m[48;2;250;229;204m▀[38;2;251;230;205m▙[48;2;251;230;205m [38;2;251;230;208m[48;2;250;229;204m▀[48;2;250;229;207m▀▘[38;2;250;229;207m [38;2;251;229;207m[48;2;250;228;206m▖[48;2;250;228;205m▘[38;2;250;228;205m [48;2;250;224;203m▀[48;2;250;224;201m▀[38;2;251;225;204m[48;2;251;223;203m▀[38;2;251;223;201m[48;2;250;222;200m▘▟[0m
[38;2;245;229;228m[48;2;240;228;228m▄[38;2;246;229;228m▄▄[38;2;245;229;228m▄▄▄▄▄▄▄▄[38;2;243;230;228m▄[38;2;244;232;227m▄[38;2;249;237;221m[48;2;245;230;222m▟[38;2;252;239;215m[48;2;250;238;213m▌[38;2;252;236;211m[48;2;251;232;209m▛[38;2;252;232;211m[48;2;251;231;210m▘[38;2;253;239;216m[48;2;250;235;214m▗[38;2;250;242;217m[48;2;250;240;218m▟[38;2;250;242;215m[48;2;249;240;214m▙[38;2;249;239;214m[48;2;250;238;212m▙[38;2;251;237;213m[48;2;250;236;211m▌[38;2;250;234;214m[48;2;251;231;210m▀[38;2;251;235;214m[48;2;249;232;210m▜[38;2;251;237;216m[48;2;251;237;216m [38;2;251;235;215m[48;2;249;232;213m▌[38;2;251;231;210m[48;2;251;229;209m▄[38;2;250;233;211m[48;2;250;229;207m▄[38;2;250;233;214m[48;2;251;228;208m▄[38;2;252;232;214m[48;2;251;229;211m▄[38;2;252;230;212m[48;2;250;228;210m▖[38;2;251;229;211m▚▜[38;2;252;232;214m[48;2;251;230;212m▗[38;2;253;233;217m[48;2;251;231;213m▄[38;2;251;235;217m[48;2;251;231;215m▄[38;2;252;232;214m[48;2;251;231;212m▄[38;2;250;230;211m[48;2;242;222;203m▛[38;2;246;230;210m[48;2;230;207;187m▀[38;2;237;215;196m[48;2;223;201;186m▜[38;2;235;207;196m[48;2;155;134;126m▘[38;2;114;102;99m[48;2;105;93;90m▌[38;2;122;113;108m[48;2;114;106;101m▐[38;2;124;117;110m[48;2;119;111;108m▄[38;2;118;110;107m[48;2;114;106;103m▄[38;2;175;164;158m[48;2;127;118;114m▝[38;2;232;215;207m[48;2;179;163;155m▀[38;2;252;237;215m[48;2;244;223;201m▜[38;2;250;236;212m[48;2;252;234;208m▀[38;2;250;237;211m[48;2;252;233;208m▀[38;2;251;236;209m[48;2;251;230;208m▀[38;2;252;233;208m[48;2;251;230;205m▀[38;2;251;232;207m[48;2;251;230;206m▀[38;2;253;235;209m[48;2;251;232;207m▗[38;2;251;238;210m[48;2;250;237;209m▐[48;2;250;237;207m▀[48;2;250;237;209m▀[38;2;250;237;209m[48;2;252;234;208m▀[38;2;253;235;209m[48;2;252;233;208m▘[38;2;252;231;207m[48;2;251;230;207m▖[38;2;251;230;206m[48;2;251;230;206m [38;2;252;231;207m[48;2;251;230;205m▝[38;2;251;232;207m▀[38;2;252;231;207m▀[38;2;251;230;206m[48;2;250;229;204m▀[38;2;251;230;205m▄[48;2;251;229;202m▀[48;2;250;229;202m▘[38;2;251;229;204m[48;2;252;226;201m▀[38;2;253;228;204m▀[38;2;252;226;203m[48;2;252;226;203m [38;2;253;228;204m▀[38;2;252;226;203m [38;2;251;224;202m[48;2;251;223;201m▛[38;2;251;225;202m▀[38;2;251;223;201m[48;2;250;222;200m▀[38;2;250;222;200m  [38;2;251;223;201m▀▀[0m
[38;2;249;232;225m[48;2;249;232;225m   [38;2;249;233;225m[48;2;247;231;226m▄[38;2;249;233;228m▄[48;2;249;232;228m▄▄[38;2;250;235;229m▄▄[38;2;250;235;226m▄[38;2;250;236;224m[48;2;247;232;228m▄[38;2;250;241;221m[48;2;250;236;224m▄[38;2;250;242;218m[48;2;250;240;221m▟[38;2;251;243;216m[48;2;250;242;215m▌[38;2;252;239;211m[48;2;250;238;210m▌[38;2;251;235;211m[48;2;252;233;210m▙[38;2;250;242;215m[48;2;249;237;211m▗[38;2;251;243;216m[48;2;250;242;215m▞[38;2;250;244;216m▀[38;2;250;242;215m[48;2;252;240;212m▀[38;2;252;240;212m[48;2;251;239;211m▘[38;2;250;238;211m[48;2;250;238;211m [38;2;250;238;210m[48;2;250;237;211m▄[38;2;250;238;213m▄[38;2;252;238;215m[48;2;250;236;213m▗[48;2;251;237;214m▄▄[38;2;251;237;214m[48;2;250;236;212m▌[38;2;251;237;215m[48;2;250;236;213m▐[38;2;251;235;215m[48;2;250;233;214m▛[38;2;252;230;212m[48;2;251;229;211m▌[38;2;251;231;213m▄[38;2;251;235;215m[48;2;250;230;211m▄[38;2;250;236;215m[48;2;252;232;214m▄[38;2;251;237;218m[48;2;251;235;217m▄[38;2;252;238;217m[48;2;251;237;218m▄[38;2;251;237;216m[48;2;242;222;201m▀[38;2;244;221;203m[48;2;221;198;181m▌[38;2;206;181;166m[48;2;183;160;148m▛[38;2;202;174;164m[48;2;174;149;137m▘[38;2;161;137;128m[48;2;113;91;88m▄[38;2;112;99;95m[48;2;98;85;81m▐[38;2;140;130;122m[48;2;125;118;111m▄[38;2;145;136;128m[48;2;130;123;115m▄[38;2;130;123;116m[48;2;121;114;107m▌[38;2;117;110;103m[48;2;115;108;101m▀[38;2;142;134;127m[48;2;123;118;110m▜[38;2;178;158;142m[48;2;117;108;100m▀[38;2;252;230;208m[48;2;185;163;147m▀[38;2;254;232;210m[48;2;251;230;208m▗[38;2;251;230;208m  [38;2;252;234;208m[48;2;251;230;205m▄[38;2;250;236;207m[48;2;250;235;208m▟[38;2;250;237;207m[48;2;253;235;207m▀[38;2;250;237;209m[48;2;253;235;209m▀[38;2;250;235;208m[48;2;252;233;208m▀[38;2;252;233;208m[48;2;251;232;207m▌[38;2;252;231;207m[48;2;251;230;205m▜▀[38;2;251;230;205m [38;2;250;229;204m[48;2;250;229;204m   [38;2;251;230;205m[48;2;250;229;202m▝[38;2;252;230;203m[48;2;251;229;202m▘[38;2;251;229;202m [38;2;253;228;202m[48;2;252;226;201m▘[38;2;252;226;201m  [48;2;251;225;200m▀[38;2;251;225;202m[48;2;251;223;198m▀[48;2;250;223;199m▘[38;2;251;223;198m[48;2;251;223;198m  [38;2;251;223;201m[48;2;251;223;201m [38;2;251;223;199m[48;2;251;223;199m [38;2;251;223;198m[48;2;251;223;198m [38;2;251;223;199m[48;2;251;223;199m  [0m
[38;2;252;237;223m[48;2;251;237;223m▄[38;2;253;238;224m▄▄▄[38;2;252;238;224m▖[38;2;251;237;223m    [38;2;249;238;222m▄[38;2;251;242;217m[48;2;250;240;221m▄[38;2;251;242;216m[48;2;250;242;215m▛[38;2;250;244;216m[48;2;252;240;212m▀[38;2;252;240;212m[48;2;252;239;211m▀[38;2;252;239;211m[48;2;251;238;210m▄[38;2;251;239;212m[48;2;250;238;212m▟[38;2;250;242;215m[48;2;251;239;211m▀[38;2;252;240;212m▘[38;2;252;239;211m[48;2;252;239;211m  [48;2;251;238;210m▖[38;2;251;238;210m  [38;2;250;238;212m[48;2;250;238;212m [38;2;252;238;215m[48;2;251;237;214m▜[48;2;252;238;215m  [38;2;251;237;214m[48;2;250;236;212m▌[38;2;250;236;211m[48;2;250;236;211m [38;2;250;237;211m[48;2;250;234;211m▄[38;2;250;236;212m[48;2;251;231;210m▄[38;2;250;236;213m[48;2;250;234;211m▄[38;2;251;237;214m[48;2;250;236;212m▄[38;2;252;238;215m[48;2;250;236;215m▗[38;2;251;234;213m[48;2;218;197;175m▛[38;2;229;207;184m[48;2;184;155;138m▀[38;2;230;201;182m[48;2;201;173;154m▐[38;2;227;202;186m[48;2;203;178;162m▌[38;2;183;161;148m[48;2;175;153;140m▌[38;2;220;194;179m[48;2;191;165;150m▐[38;2;205;181;170m[48;2;175;151;140m▌[38;2;144;131;124m[48;2;136;123;116m▌[38;2;152;143;133m[48;2;145;136;126m▐[38;2;153;144;135m[48;2;148;138;129m▌[38;2;141;134;127m[48;2;126;119;111m▘[38;2;115;107;103m[48;2;111;103;100m▌[38;2;116;109;102m[48;2;110;102;98m▀[38;2;126;119;112m[48;2;117;110;103m▄[38;2;130;123;114m[48;2;123;112;105m▄[38;2;231;209;192m[48;2;149;132;118m▝[38;2;252;231;209m[48;2;209;188;166m▜[38;2;253;232;205m[48;2;251;230;206m▄[38;2;253;236;207m[48;2;250;235;205m▟[38;2;252;236;207m[48;2;253;233;204m▛[38;2;252;232;203m[48;2;251;230;203m▄[38;2;251;232;207m[48;2;253;231;204m▀[38;2;252;231;205m[48;2;252;231;205m [38;2;252;231;204m[48;2;251;230;204m▖[38;2;253;231;204m[48;2;251;230;203m▖[38;2;251;230;203m [38;2;252;231;202m[48;2;251;229;202m▄▄▄[38;2;251;230;201m▄[38;2;250;230;201m▄▄[38;2;251;229;202m [38;2;250;228;201m[48;2;252;226;201m▄[38;2;252;228;200m▄[38;2;252;226;201m [48;2;251;223;199m▄[48;2;251;223;198m▄[38;2;252;224;200m▄▄[38;2;251;225;200m▄[38;2;252;227;201m[48;2;251;223;199m▄[38;2;253;228;202m[48;2;251;225;200m▄▖[38;2;252;228;200m▄[38;2;253;229;201m[48;2;251;223;199m▄[0m
[38;2;250;240;221m[48;2;249;238;222m▄▄▄▄▄▄▄[38;2;250;239;222m[48;2;250;239;222m [38;2;250;239;221m[48;2;249;238;222m▙[38;2;251;242;222m[48;2;250;240;221m▟[38;2;250;242;215m[48;2;250;242;215m [38;2;250;242;212m[48;2;250;242;212m [38;2;251;239;211m[48;2;251;239;211m [38;2;252;239;211m[48;2;252;239;211m   [38;2;251;239;210m[48;2;251;239;210m [38;2;250;242;212m[48;2;252;239;211m▄[38;2;252;240;212m[48;2;252;239;209m▄[38;2;250;242;212m[48;2;252;239;211m▄[38;2;250;242;215m▄▄[38;2;250;239;214m[48;2;250;239;214m [38;2;249;240;214m[48;2;249;240;214m  [38;2;250;239;214m[48;2;250;239;214m  [38;2;249;239;214m[48;2;250;238;212m▙[38;2;249;240;214m[48;2;251;238;212m▄[48;2;250;238;212m▄[48;2;247;239;212m▟[38;2;250;242;215m[48;2;249;240;214m▗[38;2;252;240;215m[48;2;249;239;214m▗[38;2;243;224;200m[48;2;204;182;158m▛[38;2;207;181;160m[48;2;185;161;143m▘[38;2;168;148;133m[48;2;150;130;116m▌[38;2;214;189;173m[48;2;171;147;131m▐[38;2;229;202;187m[48;2;222;195;180m▚[38;2;212;186;170m[48;2;195;169;152m▌[38;2;202;175;161m[48;2;184;161;149m▀[38;2;185;164;151m[48;2;172;151;138m▌[38;2;177;161;147m[48;2;153;143;130m▄[38;2;160;152;139m[48;2;157;148;136m▞[38;2;152;146;134m[48;2;143;137;125m▌[38;2;129;122;113m[48;2;118;112;102m▌[38;2;111;103;98m[48;2;104;96;91m▚[38;2;133;125;117m[48;2;109;102;95m▟[38;2;150;140;130m[48;2;140;133;125m▄[38;2;148;138;128m[48;2;138;131;123m▄[38;2;137;128;119m[48;2;130;122;113m▌[38;2;186;171;159m[48;2;133;121;112m▝[38;2;236;221;217m[48;2;176;169;186m▀[38;2;231;219;227m[48;2;201;201;240m▀[38;2;229;217;223m[48;2;199;196;233m▀[38;2;234;217;216m[48;2;198;193;229m▀[38;2;226;212;219m[48;2;196;193;230m▀[38;2;223;211;220m[48;2;194;191;228m▀[38;2;231;215;216m[48;2;195;191;226m▀[38;2;223;212;220m[48;2;197;194;229m▀[38;2;221;208;221m▀[38;2;227;214;217m▀[38;2;236;219;213m[48;2;200;194;230m▀[38;2;237;221;213m[48;2;201;195;231m▀[38;2;245;225;209m[48;2;206;201;232m▀[38;2;251;229;204m[48;2;215;206;230m▀[48;2;215;207;230m▀[38;2;251;229;202m[48;2;222;212;227m▀[38;2;253;229;201m[48;2;239;221;217m▀[38;2;254;228;198m[48;2;237;221;216m▀[48;2;238;222;216m▀[38;2;254;228;201m[48;2;237;219;218m▀[38;2;252;227;201m[48;2;223;213;226m▀[38;2;252;226;203m[48;2;218;210;233m▀[48;2;222;213;234m▀[38;2;251;225;204m[48;2;218;210;234m▀[38;2;244;221;210m[48;2;212;208;239m▀[38;2;242;220;214m[48;2;211;209;242m▀[38;2;243;222;210m[48;2;214;209;241m▀[38;2;243;222;213m[48;2;215;210;242m▀[38;2;237;221;216m[48;2;214;211;244m▀[0m
[38;2;251;242;219m[48;2;242;234;220m▀[38;2;250;240;218m[48;2;245;235;220m▀[48;2;246;236;219m▀[38;2;251;242;219m[48;2;250;240;221m▀[48;2;250;240;218m▜[38;2;251;242;218m[48;2;251;242;218m  [38;2;252;243;221m[48;2;251;242;219m▖[38;2;251;242;219m[48;2;250;240;218m▛[48;2;249;239;220m▀[38;2;250;242;215m[48;2;246;237;215m▀[38;2;250;242;210m[48;2;245;236;216m▀[38;2;252;239;211m[48;2;250;236;212m▜[38;2;252;240;212m[48;2;252;239;211m▄[38;2;252;239;213m[48;2;251;238;215m▜[38;2;250;242;212m[48;2;252;240;215m▀[48;2;251;238;217m▀[38;2;250;242;215m[48;2;246;236;220m▀[48;2;251;238;219m▀[48;2;250;237;218m▀[48;2;251;238;217m▀▀▀[38;2;249;240;214m[48;2;250;237;218m▀[48;2;249;235;221m▀[38;2;251;239;214m[48;2;248;234;222m▀▀[38;2;252;240;212m[48;2;244;232;223m▀[48;2;243;234;225m▀[48;2;243;233;226m▀[38;2;252;240;215m[48;2;237;229;230m▀[38;2;252;239;216m[48;2;232;226;235m▀[38;2;248;231;214m[48;2;221;202;195m▛[38;2;213;187;167m[48;2;199;173;153m▌[38;2;189;165;150m[48;2;180;157;142m▌[38;2;170;152;139m[48;2;161;143;129m▌[38;2;156;140;127m[48;2;143;127;114m▞[38;2;202;179;168m[48;2;162;147;135m▀[38;2;192;171;160m[48;2;177;162;148m▀[38;2;188;171;158m[48;2;182;166;153m▘[38;2;175;161;146m[48;2;165;154;139m▛[38;2;165;155;139m[48;2;150;144;128m▀[38;2;150;144;128m[48;2;130;123;113m▀[38;2;128;121;110m[48;2;110;103;96m▀[38;2;129;122;115m[48;2;107;100;93m▗[38;2;148;139;131m[48;2;126;119;112m▄[38;2;158;149;139m[48;2;148;138;128m▄[38;2;162;154;140m[48;2;154;145;135m▄[38;2;153;145;132m[48;2;150;140;130m▙[38;2;139;132;121m[48;2;132;125;115m▌[38;2;133;127;113m[48;2;126;119;110m▄[38;2;142;133;127m[48;2;127;118;113m▐[38;2;198;193;212m[48;2;153;146;148m▜[38;2;208;205;224m[48;2;202;200;226m▖[38;2;204;200;217m[48;2;199;194;225m▄[38;2;204;200;220m[48;2;197;193;224m▄[38;2;203;199;218m[48;2;198;196;226m▄[38;2;203;198;218m▄[38;2;204;200;220m[48;2;200;195;226m▄[38;2;207;202;222m[48;2;200;195;227m▄[38;2;210;205;225m[48;2;202;197;229m▄[38;2;210;206;225m[48;2;203;199;230m▄[38;2;209;204;224m[48;2;202;197;229m▄[38;2;208;203;221m[48;2;203;199;230m▄[38;2;208;203;223m[48;2;202;200;230m▄[38;2;207;202;220m[48;2;203;201;231m▄[38;2;206;201;223m[48;2;204;200;231m▟[38;2;208;203;235m[48;2;207;202;222m▀[38;2;209;207;237m[48;2;208;203;223m▀[38;2;210;205;237m[48;2;209;204;224m▀[38;2;208;205;231m[48;2;209;204;222m▜[38;2;214;209;227m[48;2;208;205;236m▄[38;2;220;213;231m[48;2;211;207;238m▄[38;2;223;216;233m[48;2;215;210;242m▄[38;2;222;215;232m[48;2;216;210;238m▖[38;2;214;209;240m[48;2;214;208;230m▘[38;2;211;209;239m[48;2;211;208;229m▝[38;2;215;209;232m[48;2;213;208;231m▐[38;2;219;212;230m[48;2;215;210;235m▗[38;2;222;215;232m[48;2;218;213;238m▗[0m
[38;2;197;193;222m[48;2;183;186;217m▀[38;2;201;196;225m▀[38;2;204;199;225m[48;2;186;188;219m▀[38;2;208;203;223m[48;2;186;187;218m▀[38;2;215;208;226m[48;2;191;191;225m▀[38;2;223;217;230m[48;2;194;194;228m▀[38;2;225;217;229m[48;2;195;195;229m▀[38;2;228;220;231m[48;2;196;196;230m▀[38;2;222;215;235m[48;2;200;201;232m▀[38;2;217;209;232m[48;2;197;198;230m▀[38;2;210;204;231m[48;2;194;195;226m▀[38;2;210;203;233m[48;2;193;194;225m▀[38;2;218;211;231m[48;2;196;194;226m▀[38;2;224;215;232m[48;2;199;196;229m▀[38;2;222;215;235m[48;2;203;199;232m▀[38;2;228;218;236m[48;2;207;202;236m▀[38;2;224;217;237m[48;2;210;205;239m▀[38;2;218;212;239m[48;2;210;206;239m▀[38;2;220;214;239m[48;2;208;203;237m▀▀[38;2;224;216;239m[48;2;209;204;238m▀[48;2;211;207;240m▀[38;2;221;215;238m▀[38;2;219;213;239m[48;2;209;207;239m▀[38;2;216;209;239m▀[38;2;214;209;240m▀[38;2;212;208;239m[48;2;210;206;239m▀[38;2;211;207;240m[48;2;203;200;235m▀[38;2;209;207;237m[48;2;194;195;229m▀[38;2;207;202;233m[48;2;191;192;228m▀[38;2;203;201;232m[48;2;194;192;219m▜[38;2;218;206;221m[48;2;201;182;175m▛[38;2;214;190;178m[48;2;175;152;142m▀[38;2;194;171;153m[48;2;173;152;139m▀[38;2;196;174;157m[48;2;190;168;153m▙[38;2;192;169;152m[48;2;181;160;143m▖[38;2;172;156;138m[48;2;158;143;128m▄[38;2;161;145;130m[48;2;144;130;118m▄[38;2;150;140;127m[48;2;147;133;119m▀[38;2;153;143;133m[48;2;138;126;117m▀[38;2;149;143;129m[48;2;135;125;115m▀[38;2;137;129;117m[48;2;130;123;110m▚[38;2;144;135;124m[48;2;122;115;104m▄[38;2;145;135;125m[48;2;125;118;110m▄[38;2;159;151;137m[48;2;147;138;127m▄[38;2;160;152;138m[48;2;158;150;136m▞[38;2;161;153;139m[48;2;148;142;128m▀[38;2;160;152;138m[48;2;147;139;125m▀[38;2;158;149;135m[48;2;153;145;131m▐[38;2;153;147;131m[48;2;143;138;121m▌[38;2;155;147;133m[48;2;142;136;122m▗[38;2;156;146;133m[48;2;141;135;121m▄[38;2;170;162;150m[48;2;146;138;125m▐[38;2;218;212;211m[48;2;201;194;194m▐[38;2;217;210;215m[48;2;214;209;214m▖[38;2;218;209;212m[48;2;215;208;213m▗[38;2;215;208;213m [38;2;217;210;212m[48;2;213;207;215m▄[38;2;220;211;215m[48;2;214;208;216m▄[38;2;222;213;218m[48;2;217;209;218m▄[38;2;218;210;218m[48;2;217;208;211m▛[38;2;216;208;217m[48;2;216;207;210m▀[38;2;215;209;217m[48;2;214;207;209m▀[38;2;214;208;216m▀[38;2;213;208;212m[48;2;212;207;210m▚▞[38;2;214;209;215m[48;2;214;207;209m▀[38;2;215;209;214m[48;2;214;208;213m▚[38;2;216;209;211m[48;2;214;208;214m▖[38;2;216;210;214m[48;2;215;209;213m▐[38;2;222;212;218m[48;2;219;210;219m▗[38;2;222;214;223m[48;2;222;212;216m▀[38;2;223;217;225m[48;2;219;212;215m▀[38;2;224;216;225m[48;2;222;215;220m▀[38;2;222;215;221m[48;2;219;211;221m▙[38;2;217;212;216m[48;2;217;210;217m▖[38;2;216;211;217m[48;2;212;206;214m▀[38;2;217;212;218m[48;2;208;202;212m▀[38;2;219;212;219m[48;2;205;198;216m▀[38;2;221;212;222m[48;2;203;196;216m▀[0m
[38;2;200;198;219m[48;2;190;194;217m▄[38;2;195;198;215m[48;2;188;192;215m▄[38;2;191;195;211m[48;2;186;189;213m▄[38;2;189;193;207m[48;2;186;189;210m▖[38;2;188;192;215m[48;2;186;189;203m▀[38;2;195;195;212m[48;2;190;192;215m▗[38;2;195;197;217m[48;2;192;194;221m▄[38;2;197;199;219m[48;2;193;195;222m▄[38;2;199;201;223m[48;2;194;196;223m▄[38;2;195;197;217m[48;2;191;194;220m▄[38;2;189;193;209m[48;2;187;189;216m▄[38;2;188;190;210m[48;2;185;188;211m▄[38;2;187;190;214m[48;2;186;189;208m▝[38;2;188;192;208m[48;2;186;189;210m▖[38;2;189;192;215m[48;2;187;190;207m▝[38;2;195;194;219m[48;2;186;189;203m▀[38;2;200;199;223m[48;2;188;191;205m▀[38;2;200;201;228m[48;2;192;195;209m▀[38;2;199;201;227m[48;2;194;197;214m▀[38;2;198;197;222m[48;2;194;197;211m▀[38;2;198;197;220m[48;2;197;197;215m▜[38;2;197;199;218m[48;2;198;197;222m▙[38;2;196;197;221m[48;2;195;195;212m▛[38;2;197;199;225m[48;2;194;194;211m▀[38;2;200;197;225m[48;2;194;194;208m▀[38;2;201;200;224m[48;2;193;193;207m▀[38;2;202;199;224m[48;2;194;194;208m▀[38;2;198;196;224m[48;2;196;195;215m▘[38;2;195;198;215m[48;2;193;195;222m▄[38;2;215;208;215m[48;2;196;195;216m▗[38;2;222;203;195m[48;2;195;169;148m▛[38;2;176;157;142m[48;2;141;122;107m▌[38;2;124;112;106m[48;2;86;80;80m▀[38;2;145;130;122m[48;2;112;96;89m▐[38;2;194;172;154m[48;2;187;165;147m▜[38;2;196;174;157m[48;2;189;167;149m▌[38;2;184;164;145m[48;2;183;162;144m▌[38;2;177;158;141m[48;2;172;153;136m▌[38;2;173;153;137m[48;2;165;148;131m▄[38;2;168;154;136m[48;2;159;144;127m▖[38;2;155;140;125m[48;2;150;136;122m▄[38;2;165;149;134m[48;2;151;137;125m▄[38;2;165;149;135m[48;2;152;141;129m▄[38;2;159;148;136m[48;2;155;144;131m▞[38;2;161;153;139m[48;2;151;142;132m▀[38;2;150;142;128m[48;2;127;120;112m▀[38;2;132;125;114m[48;2;103;97;95m▀[38;2;127;120;112m[48;2;89;81;79m▀[38;2;143;136;127m[48;2;127;110;105m▀[38;2;162;145;132m[48;2;134;123;113m▄[38;2;173;154;139m[48;2;167;148;133m▞[38;2;160;145;128m[48;2;148;134;116m▌[38;2;168;160;144m[48;2;146;138;122m▐[38;2;223;217;208m[48;2;191;185;176m▐[38;2;230;226;225m[48;2;217;212;211m▖[38;2;218;210;211m[48;2;215;207;208m▀[38;2;216;210;210m[48;2;214;207;209m▀[48;2;216;209;211m▀[38;2;220;211;213m[48;2;213;206;211m▀[38;2;218;213;213m[48;2;209;203;211m▀[38;2;216;210;210m[48;2;207;203;214m▀[48;2;208;204;215m▀[38;2;217;211;211m[48;2;210;204;213m▀[38;2;217;210;213m[48;2;209;203;213m▀[38;2;216;209;214m[48;2;207;200;216m▀[38;2;218;211;214m[48;2;209;204;220m▀[38;2;217;210;213m[48;2;211;205;218m▀[38;2;216;209;211m[48;2;210;204;215m▀[38;2;217;209;210m[48;2;206;199;201m▀[38;2;217;211;211m[48;2;204;198;196m▀[38;2;218;211;214m[48;2;204;197;202m▀[38;2;217;209;218m[48;2;194;187;189m▀[38;2;218;210;219m[48;2;197;190;192m▀[38;2;216;210;223m[48;2;192;189;183m▀[38;2;213;206;223m[48;2;182;179;157m▀[38;2;204;197;217m[48;2;171;171;133m▀[38;2;196;192;211m[48;2;156;161;109m▀[38;2;195;189;215m[48;2;155;162;118m▀[38;2;193;187;210m[48;2;140;151;94m▀[38;2;186;185;206m[48;2;137;150;90m▀[0m
[38;2;209;199;136m[48;2;191;170;53m▀[38;2;214;203;129m[48;2;190;169;50m▀[38;2;208;201;126m[48;2;180;162;49m▀[38;2;196;189;127m[48;2;177;161;50m▀[38;2;192;185;130m[48;2;189;170;54m▀[38;2;199;192;138m[48;2;202;182;56m▀[38;2;211;203;135m[48;2;196;176;53m▀[38;2;214;207;130m[48;2;197;178;52m▀[38;2;210;202;152m[48;2;194;177;53m▀[38;2;195;193;158m[48;2;185;170;53m▀[38;2;197;195;158m[48;2;189;174;58m▀[38;2;197;195;160m[48;2;189;173;55m▀[38;2;195;192;164m[48;2;188;171;55m▀[38;2;199;196;170m[48;2;185;169;58m▀[38;2;199;197;175m[48;2;191;176;61m▀[38;2;198;197;181m[48;2;202;184;69m▀[38;2;198;196;186m[48;2;192;178;73m▀[38;2;201;199;188m[48;2;195;181;76m▀[38;2;205;202;198m[48;2;206;190;85m▀[38;2;204;202;203m[48;2;204;187;93m▀[38;2;202;202;207m[48;2;194;184;99m▀[38;2;201;201;203m[48;2;195;183;94m▀[38;2;200;199;195m[48;2;202;187;86m▀[38;2;196;195;192m[48;2;197;183;88m▀[38;2;195;195;197m[48;2;195;185;100m▀[38;2;196;195;202m[48;2;195;185;109m▀[38;2;195;194;201m[48;2;189;182;121m▀[38;2;194;194;196m[48;2;204;187;156m▀[38;2;201;195;195m[48;2;179;157;137m▀[38;2;206;182;167m[48;2;170;148;128m▀[38;2;175;152;132m[48;2;142;125;111m▀[38;2;133;124;116m[48;2;94;86;82m▘[38;2;80;75;76m[48;2;66;60;61m▘[38;2;164;146;136m[48;2;120;102;92m▐[38;2;187;164;147m[48;2;178;156;138m▐[38;2;192;168;148m[48;2;189;166;148m▗[38;2;188;166;146m[48;2;187;165;147m▙[38;2;186;163;146m[48;2;181;159;141m▌[38;2;176;157;138m[48;2;176;154;137m▀[38;2;168;152;134m[48;2;161;145;128m▌[38;2;159;144;129m[48;2;158;143;127m▄[38;2;167;152;137m[48;2;162;147;132m▀[38;2;167;152;138m[48;2;155;141;127m▀[38;2;150;141;130m[48;2;135;126;118m▀[38;2;129;122;115m[48;2;112;104;100m▀[38;2;110;104;102m[48;2;97;87;86m▘[38;2;139;120;117m[48;2;89;77;78m▗[38;2;230;210;190m[48;2;114;95;88m▄[38;2;202;177;154m[48;2;190;164;142m▞[38;2;194;172;154m[48;2;147;129;119m▀[38;2;178;159;146m[48;2;161;140;127m▜[38;2;193;183;170m[48;2;156;141;127m▄[38;2;187;179;164m[48;2;157;148;132m▟[38;2;211;208;189m[48;2;197;190;180m▄[38;2;217;215;218m[48;2;169;172;126m▀[38;2;198;196;202m[48;2;155;160;101m▀[38;2;199;197;203m[48;2;150;159;90m▀[38;2;202;197;201m[48;2;141;152;78m▀[38;2;198;196;199m[48;2;141;153;74m▀[38;2;194;192;193m[48;2;127;143;59m▀[38;2;192;192;194m[48;2;128;144;60m▀[38;2;192;192;192m[48;2;131;148;60m▀[38;2;190;189;185m[48;2;131;146;54m▀[38;2;186;183;171m[48;2;128;144;47m▀[38;2;174;174;149m[48;2;117;141;36m▀[38;2;170;173;135m[48;2;116;139;34m▀[38;2;163;166;124m[48;2;115;140;35m▀[38;2;160;165;123m[48;2;120;144;38m▀[38;2;142;152;85m[48;2;114;138;36m▀[38;2;135;148;73m[48;2;109;138;36m▀[38;2;137;150;75m[48;2;109;138;37m▀[38;2;130;145;58m[48;2;114;141;38m▀[38;2;129;146;56m[48;2;115;143;37m▀[38;2;133;148;56m[48;2;117;144;41m▀[38;2;118;143;43m[48;2;112;138;38m▌[38;2;111;138;35m[48;2;105;134;38m▀[38;2;108;136;36m[48;2;102;130;33m▛[38;2;108;138;39m[48;2;104;134;34m▗[38;2;110;139;39m[48;2;108;137;35m▟[38;2;120;145;41m[48;2;105;132;30m▟[0m
[38;2;156;140;48m[48;2;91;92;33m▀[38;2;140;128;48m[48;2;93;96;36m▀[38;2;133;123;47m[48;2;101;103;40m▀[38;2;142;130;47m[48;2;88;92;36m▀[38;2;153;139;47m[48;2;92;93;38m▀[38;2;151;135;47m[48;2;82;85;33m▀[38;2;133;123;44m[48;2;81;86;33m▀[38;2;134;124;45m[48;2;82;87;35m▀[38;2;132;122;41m[48;2;77;82;29m▀[38;2;130;120;41m[48;2;76;81;31m▀[38;2;134;124;45m[48;2;78;83;30m▀[38;2;133;124;44m[48;2;78;82;32m▀[38;2;132;120;40m[48;2;73;77;27m▀[38;2;130;120;44m[48;2;77;82;32m▀[38;2;125;115;39m[48;2;72;78;31m▀[38;2;140;128;41m[48;2;77;82;29m▀[38;2;132;120;37m[48;2;74;77;31m▀[38;2;131;119;39m[48;2;78;83;31m▀[38;2;134;121;39m[48;2;73;78;32m▀[38;2;130;118;38m[48;2;75;79;32m▀[38;2;129;120;36m[48;2;72;77;27m▀[38;2;139;127;40m[48;2;80;84;34m▀[38;2;149;135;43m[48;2;80;85;35m▀[38;2;148;133;44m[48;2;80;82;31m▀[38;2;140;128;41m[48;2;80;85;35m▀[38;2;140;129;50m[48;2;87;84;34m▜[38;2;222;202;162m[48;2;183;163;123m▞[38;2;167;137;117m[48;2;116;91;83m▀[38;2;119;99;89m[48;2;99;72;74m▀[38;2;183;160;150m[48;2;108;85;75m▐[38;2;195;180;163m[48;2;132;117;100m▌[38;2;82;78;77m[48;2;61;58;57m▌[38;2;114;106;104m[48;2;71;63;60m▐[38;2;166;149;135m[48;2;156;139;125m▐[38;2;190;165;147m[48;2;176;153;136m▟[38;2;197;171;152m[48;2;194;167;148m▖[38;2;187;164;144m[48;2;183;160;140m▛[38;2;183;160;143m[48;2;176;153;136m▘[38;2;182;159;141m[48;2;173;151;134m▗[38;2;181;158;140m[48;2;168;149;132m▄[38;2;176;153;136m[48;2;165;147;133m▄[38;2;164;146;131m[48;2;158;140;125m▌[38;2;151;137;123m[48;2;145;131;119m▙[38;2;137;126;115m[48;2;127;115;106m▌[38;2;127;112;104m[48;2;114;105;98m▄[38;2;189;173;159m[48;2;176;160;146m▞[38;2;147;126;115m[48;2;106;89;85m▀[38;2;173;150;142m[48;2;98;78;78m▀[38;2;145;121;114m[48;2;117;93;87m▚[38;2;175;158;144m[48;2;125;104;94m▄[38;2;190;176;160m[48;2;165;151;135m▞[38;2;183;171;157m[48;2;134;121;108m▐[38;2;222;218;205m[48;2;204;200;186m▌[38;2;223;229;172m[48;2;144;150;83m▘[38;2;124;143;33m[48;2;118;131;45m▀[38;2;120;144;38m[48;2;117;131;47m▀[38;2;119;143;37m[48;2;112;126;43m▀[38;2;112;140;34m[48;2;115;129;47m▀[38;2;119;144;38m[48;2;115;129;46m▀[38;2;117;142;37m[48;2;108;128;43m▀[38;2;117;145;39m[48;2;107;126;44m▀[38;2;122;146;40m[48;2;112;128;44m▀[38;2;118;143;37m[48;2;110;124;41m▀[38;2;115;141;39m[48;2;114;126;45m▀[38;2;118;145;42m[48;2;115;133;41m▝[38;2;128;145;46m[48;2;124;141;42m▐[48;2;125;142;43m▞[38;2;131;147;47m[48;2;132;139;44m▜[38;2;149;153;51m[48;2;124;147;42m▄[38;2;145;151;51m[48;2;118;142;40m▄[38;2;127;142;44m[48;2;111;138;35m▙[38;2;136;147;49m[48;2;117;140;40m▗[38;2;162;163;53m[48;2;127;146;42m▄[38;2;161;162;52m[48;2;134;154;47m▄[38;2;146;150;51m[48;2;131;148;44m▖[38;2;142;152;46m[48;2;138;148;42m▐[38;2;150;159;52m[48;2;143;152;45m▌[38;2;133;145;46m[48;2;116;140;35m▟[38;2;146;150;52m[48;2;124;147;41m▄[38;2;144;149;50m[48;2;124;148;42m▄[0m
[38;2;183;165;59m[48;2;109;107;39m▄[38;2;202;186;63m[48;2;122;118;40m▄[38;2;164;156;56m[48;2;135;133;49m▄[38;2;163;155;55m[48;2;124;122;41m▄[38;2;192;176;62m[48;2;148;143;53m▄[38;2;185;170;58m[48;2;116;111;40m▄[38;2;182;168;60m[48;2;124;120;46m▄[38;2;195;179;61m[48;2;123;120;45m▄[38;2;198;180;63m[48;2;122;118;41m▄[38;2;193;175;60m[48;2;143;139;51m▄[38;2;202;184;65m[48;2;138;132;49m▄[38;2;174;163;57m[48;2;111;112;41m▄[38;2;176;165;59m[48;2;119;119;43m▄[38;2;195;176;60m[48;2;115;114;42m▄[38;2;157;147;52m[48;2;97;101;37m▄[38;2;168;156;53m[48;2;94;97;37m▄[38;2;191;176;59m[48;2;92;93;33m▄[38;2;176;164;58m[48;2;104;106;40m▄[38;2;160;151;51m[48;2;87;93;31m▄[38;2;136;132;49m[48;2;105;110;39m▄[38;2;130;127;46m[48;2;90;96;34m▄[38;2;120;119;47m[48;2;74;84;32m▄[38;2;121;120;48m[48;2;74;81;29m▄[38;2;140;136;53m[48;2;73;80;30m▄[38;2;126;123;46m[48;2;87;92;35m▄[38;2;221;213;175m[48;2;145;137;99m▐[38;2;177;155;140m[48;2;129;106;92m▌[38;2;108;103;59m[48;2;105;83;79m▄[38;2;89;94;43m[48;2;97;78;75m▄[38;2;122;104;94m[48;2;85;84;45m▝[38;2;115;107;89m[48;2;86;88;43m▘[38;2;98;96;67m[48;2;72;70;59m▄[38;2;135;125;121m[48;2;111;102;97m▐[38;2;189;168;152m[48;2;170;149;133m▐[38;2;203;174;157m[48;2;199;172;153m▄[38;2;200;172;154m[48;2;197;169;151m▌[38;2;196;170;151m[48;2;187;163;144m▄[38;2;196;169;151m[48;2;184;160;140m▄[38;2;198;172;153m[48;2;192;165;146m▄[38;2;200;173;154m[48;2;191;165;146m▄[38;2;191;168;148m[48;2;186;162;145m▄[38;2;178;156;139m[48;2;169;148;131m▌[38;2;160;143;129m[48;2;152;136;122m▌[38;2;146;132;118m[48;2;141;126;112m▌[38;2;132;122;112m[48;2;125;114;105m▌[38;2;117;108;101m[48;2;109;100;93m▌[38;2;108;101;94m[48;2;98;90;89m▄[38;2;99;93;89m[48;2;88;83;83m▄[38;2;169;153;152m[48;2;89;80;78m▝[38;2;175;160;146m[48;2;117;108;101m▀[38;2;153;139;126m[48;2;109;93;84m▙[38;2;175;164;139m[48;2;146;136;111m▐[38;2;186;185;130m[48;2;127;123;54m▘[38;2;125;124;47m[48;2;122;124;47m▟[38;2;120;122;46m[48;2;116;112;38m▛[38;2;133;130;48m[48;2;124;125;47m▗[48;2;121;124;45m▖[38;2;118;120;44m[48;2;114;118;45m▗[38;2;119;122;45m[48;2;109;117;44m▄[38;2;123;125;45m[48;2;111;119;46m▄[38;2;121;123;43m[48;2;107;115;43m▄[38;2;145;144;48m[48;2;113;121;48m▄[38;2;143;142;45m[48;2;110;118;43m▄[38;2;130;131;46m[48;2;115;121;46m▄[38;2;126;129;47m[48;2;113;120;42m▙[38;2;129;132;48m[48;2;115;122;43m▖[38;2;125;127;47m[48;2;110;118;45m▄[38;2;129;130;43m▄[38;2;129;131;43m[48;2;118;125;44m▄[38;2;134;138;49m[48;2;124;130;46m▀[38;2;125;132;51m[48;2;118;123;43m▘[38;2;125;127;47m[48;2;115;124;45m▄[38;2;135;137;47m[48;2;113;121;48m▄[38;2;128;132;43m[48;2;109;117;44m▄[38;2;124;128;44m[48;2;112;121;45m▄[38;2;117;122;43m[48;2;105;115;43m▄[38;2;117;124;44m[48;2;103;112;43m▄[38;2;121;128;46m[48;2;110;121;47m▄[38;2;115;122;45m[48;2;110;118;42m▙[38;2;116;124;48m[48;2;109;119;47m▄[0m
[38;2;240;224;76m[48;2;216;202;68m▄[38;2;210;196;77m[48;2;184;169;53m▖[38;2;190;175;58m[48;2;171;158;56m▀[38;2;203;191;65m[48;2;184;167;60m▀[38;2;210;194;66m[48;2;185;166;47m▜[38;2;225;202;64m[48;2;215;194;64m▄[38;2;212;192;64m[48;2;188;170;63m▄[38;2;190;176;63m[48;2;178;164;51m▞[38;2;190;178;63m[48;2;178;165;54m▗[38;2;215;201;67m[48;2;191;176;60m▄[38;2;181;166;58m[48;2;173;158;51m▌[38;2;192;174;62m[48;2;182;166;58m▟[38;2;196;178;61m[48;2;187;170;57m▀[38;2;188;172;63m[48;2;175;160;54m▘[38;2;184;168;61m[48;2;163;153;57m▀[38;2;186;171;59m[48;2;163;154;53m▀[38;2;188;173;60m[48;2;186;171;58m▞[38;2;194;178;63m[48;2;188;171;57m▚[38;2;200;185;61m[48;2;173;161;53m▀[38;2;195;183;60m[48;2;141;139;48m▀[38;2;182;168;60m[48;2;149;148;51m▀[38;2;186;170;61m[48;2;156;150;49m▀[38;2;173;164;58m[48;2;169;159;54m▌[38;2;181;170;57m[48;2;161;151;54m▄[38;2;184;171;57m[48;2;153;144;50m▄[38;2;164;155;81m[48;2;152;143;69m▞[38;2;154;142;106m[48;2;136;124;88m▌[38;2;146;140;60m[48;2;138;135;54m▀[38;2;172;164;62m[48;2;158;151;52m▗[38;2;176;164;56m[48;2;115;115;37m▄[38;2;148;139;51m[48;2;100;105;37m▄[38;2;145;132;113m[48;2;121;114;91m▄[38;2;165;149;143m[48;2;142;127;121m▐[38;2;205;183;166m[48;2;194;171;155m▐[38;2;219;191;171m[48;2;207;178;160m▄[38;2;221;193;173m[48;2;215;187;167m▄[38;2;212;185;166m[48;2;208;181;163m▌[38;2;209;182;164m[48;2;202;175;157m▄[38;2;210;184;165m[48;2;206;181;160m▄[38;2;204;181;161m[48;2;201;178;158m▌[38;2;195;174;155m[48;2;192;170;151m▌[38;2;181;166;146m[48;2;175;161;141m▌[38;2;168;159;139m[48;2;161;151;132m▄[38;2;156;148;130m[48;2;148;138;122m▄[38;2;141;136;119m[48;2;136;128;114m▄[38;2;137;131;115m[48;2;124;117;107m▄[38;2;126;119;109m[48;2;114;109;100m▖[38;2;116;111;102m[48;2;107;103;95m▄[38;2;122;118;106m[48;2;106;104;94m▄[38;2;135;131;114m[48;2;118;114;104m▄[38;2;183;178;164m[48;2;165;156;143m▗[38;2;194;189;164m[48;2;166;160;137m▌[38;2;114;110;41m[48;2;77;79;34m▀[38;2;119;114;43m[48;2;73;77;27m▀[38;2;122;118;44m[48;2;82;85;29m▀[38;2;128;122;42m[48;2;86;87;32m▀[38;2;136;126;43m[48;2;95;96;39m▀[38;2;135;129;49m[48;2;107;105;39m▀[38;2;133;127;46m[48;2;114;109;42m▀[38;2;138;132;49m[48;2;112;108;40m▀[38;2;129;124;44m[48;2;116;111;37m▜[38;2;143;135;44m[48;2;121;117;42m▀[38;2;151;142;47m[48;2;119;115;38m▀[38;2;147;138;45m[48;2;126;120;40m▀[38;2;150;140;47m[48;2;133;124;40m▀[38;2;144;137;49m[48;2;141;133;46m▚[38;2;145;135;50m[48;2;134;131;47m▄[38;2;158;147;53m[48;2;152;141;47m▞[38;2;153;143;53m[48;2;145;135;44m▌[38;2;160;150;57m[48;2;134;131;49m▄[38;2;155;145;52m[48;2;137;134;50m▄[38;2;159;148;51m[48;2;151;144;49m▄[38;2;166;158;48m[48;2;152;141;48m▀[38;2;168;160;59m[48;2;152;141;47m▘[38;2;157;147;50m[48;2;143;138;46m▄[38;2;152;142;45m▄[38;2;148;141;46m[48;2;145;138;43m▌[38;2;139;138;49m[48;2;134;130;44m▘[38;2;127;127;49m[48;2;120;121;42m▞[38;2;119;122;45m[48;2;120;120;42m▜[0m
[38;2;229;222;69m[48;2;176;167;57m▀[38;2;214;205;79m[48;2;174;166;52m▘[38;2;169;161;61m[48;2;158;148;50m▝[38;2;201;185;63m[48;2;170;156;51m▀[38;2;201;180;59m[48;2;180;165;48m▀[38;2;195;177;58m[48;2;159;152;45m▀[38;2;165;156;52m[48;2;138;135;47m▀[38;2;162;152;55m[48;2;150;143;49m▄[38;2;160;152;54m[48;2;156;148;49m▞[38;2;186;168;55m[48;2;164;155;51m▀[38;2;208;189;57m[48;2;169;158;49m▀[38;2;211;190;58m[48;2;188;174;52m▀[38;2;186;168;56m[48;2;171;157;48m▛[38;2;195;180;62m[48;2;187;171;54m▚[38;2;194;180;59m[48;2;160;150;53m▄[38;2;186;171;57m[48;2;166;153;53m▄[38;2;202;183;65m[48;2;199;182;61m▘[38;2;179;166;52m[48;2;162;154;53m▀[38;2;182;173;62m[48;2;175;166;54m▌[38;2;166;162;66m[48;2;146;142;47m▘[38;2;163;157;55m[48;2;126;130;46m▄[38;2;162;157;53m[48;2;146;145;47m▟[38;2;154;152;54m[48;2;140;140;44m▙[38;2;156;153;55m[48;2;152;149;52m▐[38;2;184;177;61m[48;2;159;151;51m▄[38;2;185;175;63m[48;2;170;160;47m▞[38;2;170;162;58m[48;2;157;151;46m▙[38;2;179;173;72m[48;2;146;142;48m▖[38;2;137;140;54m[48;2;128;130;45m▗[38;2;142;143;50m[48;2;139;139;47m▞[38;2;169;161;83m[48;2;146;138;60m▐[38;2;169;153;140m[48;2;156;140;127m▌[38;2;177;161;153m[48;2;159;142;134m▐[38;2;209;184;169m[48;2;199;174;159m▐[38;2;222;193;175m[48;2;216;187;172m▀[38;2;218;189;172m[48;2;214;186;167m▘[38;2;212;190;173m[48;2;208;185;167m▖[38;2;208;185;167m[48;2;204;182;165m▀[38;2;206;185;166m[48;2;203;183;165m▛[38;2;203;184;164m[48;2;199;180;160m▌[38;2;192;178;157m[48;2;189;175;154m▌[38;2;183;172;150m[48;2;177;166;145m▌[38;2;173;166;143m[48;2;170;163;140m▌[38;2;167;160;137m[48;2;162;155;134m▙[38;2;156;152;131m[48;2;150;146;125m▌[38;2;153;148;127m[48;2;145;139;121m▄[38;2;152;147;126m[48;2;135;129;113m▄[38;2;146;141;120m[48;2;131;125;109m▄[38;2;147;142;121m[48;2;135;129;113m▄[38;2;159;154;133m[48;2;149;143;126m▄[38;2;192;186;170m[48;2;172;166;150m▐[38;2;215;209;187m[48;2;175;169;147m▌[38;2;85;87;32m[48;2;67;72;26m▄[38;2;83;93;32m[48;2;62;71;24m▄[38;2;81;89;30m[48;2;66;74;26m▄[38;2;83;93;35m[48;2;67;75;27m▄[38;2;80;89;33m[48;2;74;82;34m▄[38;2;76;86;32m[48;2;70;80;27m▖[38;2;76;85;31m[48;2;71;77;31m▄[38;2;72;80;32m[48;2;70;76;31m▄[38;2;87;91;39m[48;2;72;82;29m▝[38;2;82;87;34m[48;2;64;75;26m▀[38;2;88;92;36m[48;2;68;78;29m▀[38;2;88;90;36m▀[38;2;91;94;38m[48;2;69;79;30m▀[38;2;99;100;41m[48;2;74;86;34m▀[38;2;98;97;37m[48;2;65;74;30m▀[38;2;105;105;40m[48;2;69;78;30m▀[38;2;108;106;43m[48;2;75;84;33m▀[38;2;113;108;40m[48;2;73;79;32m▀[38;2;110;105;38m[48;2;72;80;32m▀[38;2;111;107;39m[48;2;68;76;28m▀[38;2;111;110;41m[48;2;75;82;30m▀[38;2;119;113;42m[48;2;75;82;32m▀[38;2;137;128;49m[48;2;80;84;32m▀[38;2;132;123;44m[48;2;82;87;35m▀[38;2;127;120;44m[48;2;78;83;30m▀[38;2;122;117;46m[48;2;77;84;32m▀[38;2;113;112;43m[48;2;82;87;32m▀[38;2;119;118;48m[48;2;86;91;38m▀[0m
[38;2;142;140;52m[48;2;139;137;46m▙[38;2;179;171;69m[48;2;152;144;43m▐[38;2;200;185;60m[48;2;185;171;64m▀[38;2;200;183;63m[48;2;157;148;55m▀[38;2;176;168;61m[48;2;166;157;53m▄[38;2;174;166;64m[48;2;137;133;47m▄[38;2;166;159;62m[48;2;147;140;42m▐[38;2;215;199;67m[48;2;185;172;61m▀[38;2;194;181;69m[48;2;168;158;53m▘[38;2;163;154;57m[48;2;137;133;47m▄[38;2;165;155;58m[48;2;145;140;48m▄[38;2;209;193;75m[48;2;174;162;54m▗[38;2;238;227;74m[48;2;167;159;52m▄[38;2;215;201;67m[48;2;160;152;45m▄[38;2;183;174;54m[48;2;164;150;55m▀[38;2;184;173;54m[48;2;150;141;51m▀[38;2;185;172;58m[48;2;179;166;53m▐[38;2;177;166;60m[48;2;143;139;49m▄[38;2;180;172;61m[48;2;139;136;50m▄[38;2;153;150;55m[48;2;136;134;39m▞[38;2;149;147;52m[48;2;143;142;47m▚[38;2;195;181;73m[48;2;162;153;51m▗[38;2;192;179;63m[48;2;162;154;54m▄[38;2;165;156;52m[48;2;136;134;46m▄[38;2;181;170;61m[48;2;154;147;49m▟[38;2;165;157;54m[48;2;148;141;46m▙[38;2;166;157;57m[48;2;152;148;53m▄[38;2;173;164;61m[48;2;164;154;53m▜[38;2;172;165;67m[48;2;146;143;48m▖[38;2;147;151;52m[48;2;133;137;46m▀[38;2;188;179;112m[48;2;147;138;71m▐[38;2;190;167;157m[48;2;175;155;145m▖[38;2;173;157;148m[48;2;171;154;146m▌[38;2;194;172;162m[48;2;180;158;148m▐[38;2;206;184;167m[48;2;202;179;163m▐[38;2;215;188;172m[48;2;206;184;166m▀[38;2;212;188;171m[48;2;206;184;167m▀[38;2;203;185;166m[48;2;197;181;161m▛[38;2;196;179;159m[48;2;184;171;153m▀[38;2;187;174;153m[48;2;175;166;146m▀[48;2;176;169;145m▀[38;2;177;168;146m[48;2;171;164;141m▀[38;2;170;163;139m[48;2;163;158;135m▀[38;2;165;160;137m[48;2;160;156;132m▘[38;2;157;152;131m[48;2;150;145;124m▌[38;2;157;152;130m[48;2;152;147;125m▐[38;2;161;157;133m[48;2;158;153;130m▛[38;2;157;152;131m[48;2;150;145;124m▘[38;2;163;158;136m[48;2;154;149;127m▐[38;2;181;176;155m[48;2;171;166;145m▐[38;2;209;204;188m[48;2;192;186;171m▐[38;2;221;217;169m[48;2;155;150;103m▌[38;2;131;139;40m[48;2;104;106;39m▄[38;2;117;130;41m[48;2;99;112;39m▄[38;2;104;116;42m[48;2;90;102;35m▄[38;2;102;112;43m[48;2;97;109;39m▐[38;2;101;114;40m[48;2;89;99;36m▄[38;2;107;118;42m[48;2;87;97;37m▄[38;2;124;132;43m[48;2;92;104;36m▄[38;2;124;136;42m[48;2;88;100;32m▄[38;2;128;137;47m[48;2;91;103;33m▄[38;2;125;134;46m[48;2;88;99;33m▄[38;2;113;125;43m[48;2;88;99;36m▄[38;2;98;109;39m[48;2;77;88;31m▄[38;2;86;98;34m[48;2;73;85;30m▄[38;2;94;108;37m[48;2;82;95;33m▄[38;2;96;106;37m[48;2;73;86;26m▄[38;2;91;103;35m[48;2;73;85;27m▄[38;2;84;98;30m[48;2;79;90;33m▄[38;2;88;102;30m[48;2;78;91;29m▄[38;2;94;108;40m[48;2;79;92;29m▖[38;2;86;100;31m[48;2;78;91;31m▄[38;2;93;105;37m[48;2;77;90;30m▄[38;2;91;102;36m[48;2;74;85;31m▄[38;2;84;98;30m[48;2;66;81;25m▄[38;2;86;100;31m[48;2;73;85;30m▄[38;2;92;104;34m[48;2;74;83;28m▄[38;2;87;101;30m[48;2;75;86;25m▄[38;2;96;109;35m[48;2;82;93;30m▄[38;2;84;97;33m[48;2;75;84;30m▄[0m
[38;2;187;179;68m[48;2;157;151;53m▗[38;2;188;178;63m[48;2;171;159;51m▟[38;2;192;180;63m[48;2;173;165;62m▀[38;2;164;157;61m[48;2;145;142;50m▘[38;2;164;157;62m[48;2;155;151;60m▝[38;2;174;166;59m[48;2;146;144;53m▀[38;2;183;175;66m[48;2;154;150;55m▀[38;2;177;168;64m[48;2;148;143;56m▄[38;2;165;155;61m[48;2;137;134;50m▄[38;2;165;157;66m[48;2;157;148;59m▗[38;2;204;189;77m[48;2;169;158;54m▝[38;2;233;215;73m[48;2;166;158;49m▀[38;2;230;212;70m[48;2;172;163;59m▀[38;2;201;183;64m[48;2;167;157;57m▀[38;2;201;182;66m[48;2;174;159;60m▀[38;2;191;175;65m[48;2;180;164;54m▚[38;2;185;171;66m[48;2;150;142;51m▄[38;2;167;158;58m[48;2;159;152;57m▄[38;2;177;169;60m[48;2;165;156;59m▀[38;2;166;156;62m[48;2;146;138;47m▙[38;2;173;166;68m[48;2;154;147;52m▝[38;2;203;190;64m[48;2;163;155;55m▀[38;2;197;185;68m[48;2;177;165;54m▘[38;2;172;162;61m[48;2;160;150;49m▌[38;2;173;164;62m[48;2;159;151;53m▗[38;2;184;170;61m[48;2;165;152;49m▟[38;2;190;173;63m[48;2;184;167;56m▌[38;2;183;167;60m[48;2;169;156;56m▄[38;2;176;164;56m[48;2;163;157;56m▄[38;2;187;172;58m[48;2;147;144;47m▄[38;2;205;186;96m[48;2;157;143;69m▟[38;2;204;178;165m[48;2;190;164;151m▌[38;2;182;166;158m[48;2;176;159;151m▖[38;2;188;171;160m[48;2;176;159;150m▝[38;2;196;173;161m[48;2;186;169;156m▀[38;2;201;179;164m[48;2;194;173;160m▀[38;2;202;182;163m[48;2;192;178;159m▀[38;2;186;176;156m[48;2;180;169;150m▌[38;2;174;167;146m[48;2;170;163;142m▀[38;2;171;164;143m[48;2;163;158;137m▀[38;2;167;161;138m[48;2;164;159;136m▜[38;2;164;159;135m[48;2;161;155;132m▌[38;2;159;154;131m[48;2;157;152;129m▛[38;2;158;153;130m[48;2;152;148;127m▀[38;2;154;150;126m[48;2;150;145;124m▀[38;2;155;151;127m[48;2;143;140;118m▀[38;2;153;149;125m[48;2;150;145;122m▚[38;2;159;154;130m[48;2;153;149;124m▐[38;2;171;166;142m[48;2;166;162;137m▐[38;2;194;189;167m[48;2;182;177;155m▐[38;2;222;217;199m[48;2;206;200;183m▐[38;2;205;201;126m[48;2;153;149;68m▘[38;2;160;154;52m[48;2;148;145;44m▗[38;2;161;153;52m[48;2;142;146;47m▄[38;2;140;141;54m[48;2;116;122;38m▖[38;2;111;123;44m[48;2;103;113;38m▘[38;2;118;127;49m[48;2;101;107;35m▜[38;2;137;136;47m[48;2;123;131;46m▄[38;2;139;136;48m[48;2;118;125;44m▄[38;2;118;127;45m[48;2;111;115;39m▀[38;2;113;124;45m[48;2;107;115;41m▀[38;2;108;117;41m[48;2;104;112;36m▐[38;2;125;126;43m[48;2;102;112;40m▄[38;2;125;122;38m[48;2;103;113;40m▄[38;2;117;119;40m[48;2;96;109;36m▄[38;2;120;123;39m[48;2;103;115;42m▄[38;2;136;133;47m[48;2;106;114;42m▄[38;2;110;116;42m[48;2;94;106;38m▄[38;2;96;108;37m[48;2;93;105;33m▌[38;2;105;116;42m[48;2;98;108;35m▐[38;2;98;110;36m[48;2;94;106;32m▚[38;2;98;110;37m[48;2;89;103;32m▙[38;2;107;115;41m[48;2;93;104;34m▗[38;2;113;119;44m[48;2;91;105;37m▄[38;2;112;116;39m[48;2;93;105;35m▄[38;2;97;110;37m[48;2;95;104;32m▝[38;2;102;112;40m[48;2;98;109;37m▜[38;2;95;105;35m[48;2;92;102;31m▌[38;2;91;103;36m[48;2;87;98;31m▚[38;2;83;94;31m[48;2;78;90;29m▄[0m
[38;2;150;149;51m[48;2;128;134;50m▀[38;2;149;148;51m[48;2;131;135;49m▀[38;2;145;144;55m[48;2;136;138;51m▗[38;2;150;149;53m[48;2;127;131;47m▄[38;2;153;152;61m[48;2;144;142;52m▞[38;2;152;149;59m[48;2;136;133;47m▀[38;2;157;155;59m[48;2;146;144;53m▗[38;2;175;166;62m[48;2;145;144;56m▀[38;2;166;158;57m[48;2;138;140;50m▀[38;2;162;158;66m[48;2;155;152;55m▘[38;2;166;159;61m[48;2;140;138;54m▄[38;2;149;145;57m[48;2;143;142;53m▄[38;2;155;151;63m[48;2;150;145;58m▖[38;2;166;157;63m[48;2;148;140;46m▐[38;2;196;180;62m[48;2;183;166;67m▄[38;2;199;179;67m[48;2;191;171;58m▞[38;2;204;186;67m[48;2;182;162;62m▀[38;2;197;163;77m[48;2;164;147;62m▄[38;2;176;165;56m[48;2;152;144;53m▄[38;2;166;158;58m[48;2;162;152;56m▘[38;2;172;159;59m[48;2;144;142;51m▄[38;2;200;184;64m[48;2;157;146;57m▄[38;2;208;189;75m[48;2;166;157;56m▄[38;2;139;132;57m[48;2;74;74;22m▛[38;2;160;153;66m[48;2;52;51;0m▜[38;2;207;192;67m[48;2;165;146;55m▄[38;2;197;182;68m[48;2;161;134;68m▄[38;2;189;176;64m[48;2;164;154;57m▄[38;2;188;171;64m[48;2;173;160;58m▄[38;2;199;181;68m[48;2;187;170;57m▐[38;2;211;193;65m[48;2;204;182;68m▄[38;2;203;180;140m[48;2;196;172;132m▌[38;2;174;157;150m[48;2;165;146;141m▛[38;2;171;154;146m[48;2;161;146;140m▀[38;2;171;157;146m[48;2;158;146;137m▀[38;2;181;166;152m[48;2;167;156;144m▀[38;2;180;166;151m[48;2;166;158;141m▀[38;2;174;167;146m[48;2;161;155;138m▀[38;2;162;157;136m[48;2;154;148;131m▀[38;2;160;156;135m[48;2;154;150;129m▀[38;2;161;156;133m[48;2;151;146;125m▀[38;2;156;151;128m[48;2;147;143;122m▀[38;2;153;149;125m[48;2;148;144;123m▀[38;2;151;146;125m[48;2;150;145;124m▀[38;2;149;146;124m[48;2;145;142;120m▄[38;2;146;143;122m[48;2;142;138;118m▞[38;2;146;144;122m[48;2;142;137;119m▀[38;2;157;153;131m[48;2;150;146;124m▐[38;2;174;170;148m[48;2;162;158;136m▐[38;2;200;196;175m[48;2;190;185;165m▐[38;2;210;204;151m[48;2;142;142;64m▀[38;2;136;135;46m[48;2;68;83;27m▀[38;2;137;133;49m[48;2;66;66;0m▜[38;2;204;181;64m[48;2;172;159;57m▄[38;2;208;187;68m[48;2;186;167;60m▄[38;2;197;175;61m[48;2;143;134;46m▄[38;2;192;173;56m[48;2;137;134;46m▄[38;2;196;178;59m[48;2;174;163;57m▄[38;2;188;178;65m[48;2;199;152;54m▀[38;2;151;151;53m[48;2;204;93;34m▀[38;2;197;141;58m[48;2;151;132;44m▗[38;2;182;167;53m[48;2;162;152;52m▄[38;2;213;192;60m[48;2;198;180;59m▄[38;2;216;196;70m[48;2;210;190;62m▄[38;2;197;179;70m[48;2;186;168;59m▌[38;2;176;161;60m[48;2;144;136;39m▗[38;2;155;147;47m[48;2;132;128;45m▄[38;2;171;159;53m[48;2;130;131;46m▄[38;2;160;147;47m[48;2;118;121;37m▄[38;2;180;166;59m[48;2;122;126;42m▄[38;2;187;169;54m[48;2;130;128;42m▄[38;2;191;175;57m[48;2;130;129;41m▄[38;2;185;169;55m[48;2;129;126;45m▄[38;2;163;153;51m[48;2;141;134;40m▟[38;2;175;167;61m[48;2;161;153;48m▌[38;2;148;144;52m[48;2;116;118;39m▄[38;2;124;125;43m[48;2;103;110;41m▄[38;2;144;142;48m[48;2;95;104;31m▄[38;2;169;160;56m[48;2;113;114;40m▄[38;2;181;170;55m[48;2;122;122;43m▄[0m
[38;2;167;161;59m[48;2;158;153;49m▘[38;2;162;156;55m[48;2;147;145;52m▄[38;2;165;158;60m[48;2;158;151;53m▌[38;2;168;161;63m[48;2;152;145;49m▗[38;2;159;152;54m[48;2;139;137;50m▄[38;2;162;155;57m[48;2;142;143;55m▄[38;2;171;163;63m[48;2;146;145;54m▄[38;2;172;164;60m[48;2;133;136;53m▄[38;2;183;172;54m[48;2;119;126;48m▄[38;2;217;203;70m[48;2;150;147;59m▄[38;2;226;208;68m[48;2;179;165;57m▄[38;2;228;211;70m[48;2;180;166;57m▄[38;2;218;198;66m[48;2;179;163;56m▄[38;2;229;211;70m[48;2;204;188;65m▄[38;2;246;240;80m[48;2;227;214;72m▄[38;2;240;230;76m[48;2;222;205;70m▄[38;2;228;211;72m[48;2;202;182;59m▄[38;2;216;200;68m[48;2;204;187;63m▄[38;2;227;218;70m[48;2;182;167;50m▄[38;2;253;246;82m[48;2;199;186;67m▄[38;2;233;219;69m[48;2;213;193;65m▄[38;2;234;220;73m[48;2;215;196;61m▄[38;2;223;207;81m[48;2;194;178;52m▌[38;2;219;215;82m[48;2;106;113;48m▄[38;2;181;170;48m[48;2;65;66;14m▄[38;2;217;204;77m[48;2;173;160;33m▐[38;2;239;231;74m[48;2;204;179;65m▀[38;2;237;218;75m[48;2;195;167;42m▜[38;2;173;143;74m[48;2;98;68;1m▌[38;2;97;67;32m[48;2;62;35;21m▄[38;2;124;95;39m[48;2;86;57;4m▐[38;2;224;205;130m[48;2;214;191;102m▘[38;2;184;164;153m[48;2;168;149;138m▌[38;2;148;137;129m[48;2;133;124;116m▛[38;2;144;135;127m[48;2;118;111;104m▀[38;2;150;141;130m[48;2;120;112;108m▀[38;2;150;144;130m[48;2;135;128;120m▀[38;2;152;146;130m[48;2;140;135;121m▀[38;2;147;141;123m[48;2;123;119;104m▀[38;2;135;129;112m[48;2;110;108;98m▀[38;2;127;123;107m[48;2;109;104;93m▜[38;2;148;142;126m[48;2;136;130;112m▟[38;2;155;151;130m[48;2;151;146;125m▟[38;2;153;148;129m[48;2;150;144;126m▛[38;2;147;144;122m[48;2;139;134;116m▀[38;2;142;136;118m[48;2;138;132;115m▀[38;2;144;142;119m[48;2;137;131;113m▀[38;2;149;145;125m[48;2;140;134;118m▜[38;2;180;176;155m[48;2;162;158;137m▐[38;2;201;200;157m[48;2;175;168;91m▘[38;2;159;153;52m[48;2;112;118;47m▄[38;2;128;124;38m[48;2;59;70;13m▄[38;2;186;183;86m[48;2;119;115;18m▐[38;2;203;184;70m[48;2;187;168;54m▌[38;2;208;188;76m[48;2;189;174;61m▝[38;2;226;205;75m[48;2;201;184;62m▀[38;2;226;209;74m[48;2;221;205;69m▐[38;2;230;201;73m[48;2;217;189;59m▌[38;2;234;91;46m[48;2;218;74;29m▌[38;2;220;62;26m[48;2;238;50;26m▄[38;2;195;71;30m[48;2;146;39;5m▛[38;2;204;152;63m[48;2;136;67;8m▜[38;2;208;191;62m[48;2;191;177;59m▀[38;2;211;194;68m[48;2;190;177;63m▀[38;2;214;194;71m[48;2;194;180;61m▀[38;2;214;197;74m[48;2;193;175;53m▌[38;2;180;167;58m[48;2;174;161;52m▞[38;2;191;178;63m[48;2;172;160;45m▐[38;2;200;182;65m[48;2;184;165;49m▌[38;2;193;179;72m[48;2;179;165;59m▝[38;2;173;160;55m[48;2;168;155;50m▐[38;2;203;186;66m[48;2;183;167;59m▀[38;2;202;183;62m[48;2;184;169;57m▀[38;2;168;156;50m[48;2;154;145;45m▀[38;2;166;156;59m[48;2;149;141;50m▄[38;2;161;153;59m[48;2;147;138;43m▐[38;2;150;146;52m[48;2;144;139;46m▞[38;2;156;152;59m[48;2;147;142;49m▌[38;2;142;139;46m[48;2;132;129;46m▀[38;2;148;144;52m[48;2;127;123;45m▛[0m
[38;2;177;166;60m[48;2;152;151;53m▄[38;2;209;192;69m[48;2;159;150;49m▄[38;2;229;216;77m[48;2;177;165;57m▄[38;2;245;235;81m[48;2;192;180;62m▄[38;2;247;237;81m[48;2;199;187;66m▄[38;2;246;235;79m[48;2;206;196;70m▄[38;2;239;226;79m[48;2;218;208;65m▟[38;2;247;242;82m[48;2;243;237;80m▀[38;2;251;246;85m[48;2;246;242;81m▚[38;2;238;227;79m[48;2;209;196;54m▙[38;2;233;221;81m[48;2;223;207;75m▄[38;2;242;230;81m[48;2;237;221;75m▄[38;2;241;228;76m[48;2;234;217;75m▄[38;2;245;233;82m[48;2;235;222;73m▝[38;2;245;239;82m[48;2;229;216;73m▀[38;2;241;231;81m[48;2;234;224;74m▚[38;2;243;238;84m[48;2;233;221;74m▄[38;2;243;218;92m[48;2;214;189;63m▌[38;2;226;210;64m[48;2;163;128;46m▀[38;2;200;187;57m[48;2;82;43;12m▀[38;2;216;190;80m[48;2;230;157;88m▀[38;2;247;184;86m[48;2;242;137;74m▀[38;2;242;118;48m[48;2;191;35;17m▀[38;2;209;90;27m[48;2;141;0;2m▀[38;2;229;186;73m[48;2;117;40;0m▜[38;2;243;226;76m[48;2;224;210;65m▝[38;2;232;213;71m[48;2;225;208;65m▌[38;2;238;220;76m[48;2;231;213;70m▞[38;2;236;215;79m[48;2;221;199;63m▌[38;2;232;206;67m[48;2;173;146;52m▀[38;2;234;207;69m[48;2;208;180;56m▀[38;2;223;194;70m[48;2;209;185;64m▀[38;2;186;164;99m[48;2;162;140;75m▌[38;2;137;128;125m[48;2;124;102;78m▀[38;2;108;102;100m[48;2;95;74;61m▀[38;2;96;90;85m[48;2;94;87;82m▚[38;2;100;94;91m[48;2;97;92;80m▝[38;2;100;94;89m[48;2;92;88;64m▀[38;2;94;98;61m[48;2;87;86;71m▖[38;2;84;84;68m[48;2;73;81;34m▜[38;2;132;125;112m[48;2;113;106;93m▐[38;2;142;135;124m[48;2;124;117;110m▀[38;2;139;134;120m[48;2;108;101;93m▀[38;2;128;125;110m[48;2;99;95;89m▀[38;2;119;118;102m[48;2;106;104;91m▀[38;2;124;121;103m[48;2;107;105;92m▀[38;2;127;124;109m[48;2;104;102;91m▀[38;2;147;144;126m[48;2;125;124;92m▀[38;2;133;130;68m[48;2;88;93;29m▀[38;2;141;134;40m[48;2;106;109;32m▀[38;2;142;134;47m[48;2;109;110;36m▀[38;2;115;109;41m[48;2;105;100;32m▐[38;2;153;142;55m[48;2;110;109;39m▀[38;2;146;143;47m[48;2;114;115;42m▀[38;2;133;124;43m[48;2;109;103;41m▀[38;2;142;131;48m[48;2;107;100;39m▀[38;2;157;150;55m[48;2;108;110;36m▀[38;2;164;158;56m[48;2;138;134;50m▀[38;2;168;145;55m[48;2;131;128;47m▀[38;2;165;135;53m[48;2;147;117;35m▐[38;2;162;138;58m[48;2;137;112;32m▌[38;2;168;131;46m[48;2;108;102;38m▀[38;2;168;158;55m[48;2;109;116;38m▀[38;2;168;155;53m[48;2;114;117;36m▀[38;2;186;172;64m[48;2;134;136;44m▀[38;2;189;174;57m[48;2;128;129;41m▀[38;2;189;182;68m[48;2;131;134;48m▀[38;2;175;166;56m[48;2;133;138;47m▀[38;2;192;181;60m[48;2;145;143;50m▀[38;2;187;174;58m[48;2;146;138;47m▀[38;2;189;178;67m[48;2;177;166;55m▐[38;2;186;175;61m[48;2;172;161;47m▌[38;2;192;179;67m[48;2;166;156;50m▘[38;2;170;159;50m[48;2;160;153;46m▀[38;2;179;166;64m[48;2;162;147;46m▚[38;2;174;166;61m[48;2;153;144;47m▙[38;2;170;163;56m[48;2;146;142;47m▄[38;2;174;166;56m[48;2;166;158;55m▄[38;2;187;173;65m[48;2;154;147;52m▄[38;2;172;159;57m[48;2;147;135;57m▄[0m
[38;2;209;191;68m[48;2;186;169;49m▟[38;2;232;215;76m[48;2;206;184;62m▀[38;2;235;220;81m[48;2;216;202;69m▜[38;2;243;231;84m[48;2;225;212;70m▀[38;2;239;230;82m[48;2;236;227;79m▐[38;2;245;235;87m[48;2;233;223;79m▙[38;2;249;242;91m[48;2;239;227;80m▄[38;2;247;242;88m[48;2;244;234;84m▀[38;2;244;235;92m[48;2;222;203;84m▀[38;2;239;226;86m[48;2;212;192;83m▀[38;2;237;223;78m[48;2;215;201;68m▀[38;2;236;224;78m[48;2;231;219;77m▀[38;2;242;230;81m[48;2;234;219;78m▀[38;2;238;227;80m[48;2;236;220;72m▄[38;2;251;244;94m[48;2;240;231;81m▝[38;2;249;244;90m[48;2;234;220;74m▀[38;2;244;236;81m[48;2;232;214;74m▀[38;2;235;218;68m[48;2;230;215;76m▀[38;2;190;169;70m[48;2;72;45;0m▙[38;2;199;117;56m[48;2;73;8;0m▟[38;2;252;144;71m[48;2;247;56;24m▀[38;2;225;66;33m[48;2;178;12;9m▀[38;2;130;15;12m[48;2;86;0;0m▘[38;2;91;1;3m[48;2;61;1;2m▀[38;2;191;100;61m[48;2;103;12;0m▐[38;2;240;219;86m[48;2;221;198;67m▘[38;2;215;192;67m[48;2;207;184;59m▌[38;2;216;195;61m[48;2;183;155;55m▀[38;2;172;166;86m[48;2;138;126;44m▘[38;2;191;171;62m[48;2;77;65;30m▄[38;2;200;171;70m[48;2;112;82;5m▟[38;2;218;192;63m[48;2;194;170;53m▄[38;2;224;197;69m[48;2;187;160;50m▄[38;2;209;178;63m[48;2;147;111;39m▄[38;2;180;150;54m[48;2;148;119;39m▄[38;2;212;194;61m[48;2;174;151;56m▄[38;2;217;202;78m[48;2;183;165;66m▄[38;2;132;136;61m[48;2;119;122;45m▟[38;2;132;143;69m[48;2;100;114;46m▀[38;2;62;82;20m[48;2;47;68;5m▌[38;2;122;136;65m[48;2;65;84;19m▝[38;2;129;130;43m[48;2;113;108;57m▄[38;2;140;134;52m[48;2;107;103;46m▖[38;2;98;99;63m[48;2;75;77;28m▛[38;2;100;97;73m[48;2;81;87;41m▀[38;2;96;90;51m[48;2;86;68;19m▜[38;2;119;95;47m[48;2;115;91;43m▐[38;2;124;105;50m[48;2;97;98;39m▙[38;2;94;92;39m[48;2;79;77;25m▌[38;2;100;77;30m[48;2;60;54;21m▄[38;2;117;91;40m[48;2;79;67;22m▖[38;2;134;121;43m[48;2;94;98;34m▄[38;2;120;118;44m[48;2;94;98;31m▟[38;2;122;117;39m[48;2;103;106;36m▄[38;2;141;133;47m[48;2;110;111;41m▄[38;2;157;149;48m[48;2;123;120;38m▄[38;2;181;170;55m[48;2;161;149;48m▄[38;2;189;174;58m[48;2;182;165;54m▟[38;2;175;162;55m[48;2;159;145;40m▙[38;2;174;162;60m[48;2;161;150;47m▌[38;2;144;137;54m[48;2;90;83;22m▙[38;2;140;131;52m[48;2;66;53;25m▄[38;2;133;134;49m[48;2;100;105;40m▄[38;2;112;119;41m[48;2;89;100;26m▙[38;2;125;127;47m[48;2;107;113;38m▄[38;2;147;146;57m[48;2;113;119;44m▄[38;2;152;148;56m[48;2;118;123;44m▄[38;2;156;155;57m[48;2;122;127;46m▄[38;2;153;146;51m[48;2;117;122;43m▄[38;2;153;151;62m[48;2;121;122;40m▖[38;2;146;146;49m[48;2;127;130;40m▝[38;2;155;152;54m[48;2;141;140;44m▜[38;2;158;150;52m[48;2;150;143;45m▚[38;2;169;160;56m[48;2;160;152;50m▝[38;2;176;167;63m[48;2;157;147;48m▝[38;2;160;151;50m[48;2;149;141;41m▀[38;2;170;165;58m[48;2;152;146;44m▛[38;2;144;144;44m[48;2;140;139;42m▝[38;2;160;155;60m[48;2;145;139;44m▐[38;2;176;166;63m[48;2;150;147;48m▄[0m
[38;2;235;214;80m[48;2;211;191;66m▀[38;2;230;215;79m[48;2;205;188;60m▜[38;2;231;214;73m[48;2;220;199;67m▀[38;2;233;215;78m[48;2;224;205;70m▟[38;2;238;226;84m[48;2;235;217;76m▀[38;2;240;227;84m[48;2;237;217;76m▀[38;2;242;228;81m[48;2;238;224;76m▌[38;2;238;222;74m[48;2;229;214;73m▄[38;2;238;221;82m[48;2;213;195;72m▄[38;2;238;216;78m[48;2;223;203;75m▄[38;2;239;224;81m[48;2;236;221;82m▟[38;2;244;229;76m[48;2;235;220;78m▄[38;2;246;235;82m[48;2;231;216;74m▄[38;2;248;240;82m[48;2;237;226;83m▄[38;2;247;238;88m[48;2;229;218;78m▄[38;2;236;220;75m[48;2;223;207;72m▄[38;2;235;215;75m[48;2;228;208;70m▄[38;2;233;215;75m[48;2;225;207;68m▐[38;2;230;213;71m[48;2;226;205;73m▀[38;2;239;212;78m[48;2;225;185;60m▙[38;2;240;228;79m[48;2;237;143;53m▄[38;2;247;240;90m[48;2;197;117;43m▄[38;2;238;219;75m[48;2;151;94;31m▄[38;2;218;190;66m[48;2;131;80;33m▄[38;2;204;178;73m[48;2;143;105;18m▟[38;2;211;196;67m[48;2;200;185;62m▝[38;2;207;174;83m[48;2;156;123;31m▌[38;2;127;83;41m[48;2;90;44;16m▙[38;2;132;97;38m[48;2;63;34;0m▟[38;2;220;200;72m[48;2;205;183;71m▀[38;2;224;204;79m[48;2;199;180;61m▘[38;2;212;192;72m[48;2;197;174;54m▟[38;2;225;202;76m[48;2;209;190;66m▀[38;2;217;186;87m[48;2;206;184;61m▀[38;2;191;161;68m[48;2;140;95;38m▙[38;2;213;189;73m[48;2;164;137;30m▟[38;2;223;204;80m[48;2;179;161;46m▙[38;2;208;188;65m[48;2;144;139;52m▄[38;2;173;159;54m[48;2;91;98;29m▄[38;2;132;128;40m[48;2;59;75;15m▄[38;2;85;100;31m[48;2;79;93;25m▌[38;2;97;110;37m[48;2;71;79;11m▝[38;2;170;158;60m[48;2;139;122;34m▜[38;2;193;176;63m[48;2;131;119;41m▄[38;2;202;184;63m[48;2;135;123;45m▄[38;2;228;212;79m[48;2;172;138;52m▄[38;2;210;192;64m[48;2;171;137;45m▄[38;2;207;187;64m[48;2;170;129;46m▄[38;2;209;192;63m[48;2;198;176;57m▖[38;2;221;203;72m[48;2;198;186;58m▜[38;2;218;205;80m[48;2;214;195;70m▗[38;2;210;193;72m[48;2;188;175;61m▛[38;2;194;172;58m[48;2;173;160;49m▀[38;2;200;183;64m[48;2;193;176;57m▐[38;2;205;186;69m[48;2;187;167;53m▙[38;2;202;184;69m[48;2;169;160;56m▄[38;2;189;174;62m[48;2;161;153;51m▄[38;2;199;184;67m[48;2;166;157;54m▄[38;2;191;173;62m[48;2;159;151;51m▄[38;2;204;188;70m[48;2;161;153;46m▄[38;2;226;206;78m[48;2;164;155;51m▄[38;2;219;196;67m[48;2;187;171;63m▄[38;2;207;187;62m[48;2;166;157;53m▄[38;2;218;200;72m[48;2;165;155;52m▄[38;2;208;191;67m[48;2;172;160;57m▄[38;2;179;166;57m[48;2;168;160;59m▟[38;2;197;181;73m[48;2;174;165;65m▄[38;2;186;178;68m[48;2;180;172;62m▗[38;2;187;177;64m[48;2;173;165;58m▀[38;2;171;162;62m[48;2;149;142;43m▘[38;2;169;163;61m[48;2;134;133;45m▄[38;2;159;157;55m[48;2;144;142;49m▄[38;2;196;184;74m[48;2;171;159;49m▐[38;2;201;185;65m[48;2;180;166;58m▄[38;2;196;182;63m[48;2;177;164;52m▗[38;2;197;180;56m[48;2;191;174;53m▗[38;2;202;184;62m[48;2;189;171;52m▙[38;2;199;181;62m[48;2;188;173;56m▟[38;2;184;170;56m[48;2;172;158;44m▌[38;2;169;163;58m[48;2;150;149;51m▀[0m
[38;2;214;192;70m[48;2;210;186;64m▄[38;2;221;197;71m[48;2;219;196;69m▌[38;2;219;197;72m[48;2;217;195;68m▛[38;2;216;198;66m[48;2;195;176;60m▀[38;2;209;191;59m[48;2;175;160;48m▀[38;2;218;197;63m[48;2;200;182;63m▀[38;2;223;200;75m[48;2;209;187;61m▐[38;2;224;206;71m[48;2;212;190;68m▀[38;2;233;215;82m[48;2;225;208;80m▜[38;2;229;209;72m[48;2;214;195;63m▛[38;2;228;210;69m[48;2;201;182;61m▀[38;2;215;199;64m[48;2;184;171;55m▀[38;2;212;200;65m[48;2;172;158;50m▀[38;2;216;204;67m[48;2;199;183;65m▀[38;2;220;204;69m[48;2;203;182;61m▀[38;2;237;218;83m[48;2;218;198;66m▘[38;2;222;198;70m[48;2;215;190;65m▜[38;2;226;203;70m[48;2;216;194;61m▐[38;2;218;196;69m[48;2;202;180;58m▛[38;2;224;200;70m[48;2;209;190;66m▀[38;2;226;203;67m[48;2;212;190;67m▀[38;2;231;214;75m[48;2;200;180;61m▀[38;2;232;212;75m[48;2;217;197;74m▀[38;2;221;200;70m[48;2;208;187;66m▀[38;2;224;202;75m[48;2;215;195;70m▝[38;2;217;195;68m[48;2;208;189;68m▀[38;2;203;184;70m[48;2;182;163;49m▌[38;2;207;192;73m[48;2;185;170;50m▐[38;2;231;212;79m[48;2;202;188;67m▀[38;2;228;210;77m[48;2;191;180;61m▀[38;2;224;204;78m[48;2;188;173;57m▀[38;2;214;197;71m[48;2;196;177;61m▀[38;2;209;192;70m[48;2;204;188;66m▌[38;2;198;183;59m[48;2;194;179;54m▌[38;2;207;191;63m[48;2;193;177;49m▐[38;2;218;203;76m[48;2;199;185;62m▀[38;2;222;207;83m[48;2;197;182;65m▀[38;2;206;188;65m[48;2;189;173;55m▀[38;2;211;196;73m[48;2;200;186;62m▌[38;2;202;187;66m[48;2;195;181;58m▜[38;2;193;183;59m[48;2;169;157;48m▄[38;2;188;178;63m[48;2;166;156;41m▐[38;2;186;179;62m[48;2;178;166;60m▄[38;2;206;195;77m[48;2;178;167;48m▐[38;2;207;194;71m[48;2;201;188;65m▌[38;2;201;187;66m[48;2;178;165;53m▀[38;2;180;170;59m[48;2;170;160;49m▚[38;2;165;159;56m[48;2;156;149;46m▌[38;2;166;159;53m[48;2;153;146;40m▚[38;2;196;183;66m[48;2;175;165;52m▟[38;2;204;193;69m[48;2;197;184;68m▄[38;2;193;182;69m[48;2;178;167;54m▌[38;2;183;173;60m[48;2;165;156;49m▄[38;2;175;163;53m[48;2;158;150;48m▄[38;2;193;181;69m[48;2;182;170;58m▞[38;2;203;187;64m[48;2;192;180;59m▀[38;2;202;186;64m[48;2;190;181;56m▀[38;2;213;198;74m[48;2;179;174;52m▀[38;2;218;201;75m[48;2;185;176;56m▀[38;2;230;214;82m[48;2;200;190;68m▀[38;2;229;211;78m[48;2;194;180;57m▀[38;2;226;205;75m[48;2;210;196;73m▀[38;2;221;202;70m[48;2;213;194;61m▌[38;2;230;212;84m[48;2;205;191;70m▀[38;2;227;212;80m[48;2;211;195;63m▚[38;2;205;188;60m[48;2;193;177;48m▌[38;2;197;185;68m[48;2;194;180;67m▗[38;2;192;179;65m[48;2;189;175;59m▘[38;2;198;184;66m[48;2;177;166;57m▄[38;2;203;187;69m[48;2;168;155;55m▄[38;2;206;191;75m[48;2;181;169;63m▄[38;2;193;177;59m[48;2;167;158;57m▄[38;2;198;186;73m[48;2;182;170;57m▞[38;2;201;183;68m[48;2;191;174;57m▗[38;2;195;180;65m[48;2;191;176;61m▐[38;2;196;178;63m[48;2;179;164;52m▄[38;2;190;175;63m[48;2;177;164;53m▄[38;2;195;180;63m[48;2;184;168;54m▄[38;2;203;186;70m[48;2;187;172;59m▗[38;2;197;182;67m[48;2;170;162;58m▄[0m
[38;2;212;188;68m[48;2;194;176;65m▀[38;2;214;193;72m[48;2;196;181;69m▀[38;2;208;187;68m[48;2;174;164;61m▀[38;2;195;179;62m[48;2;150;147;48m▀[38;2;199;183;60m[48;2;152;152;52m▀[38;2;209;188;67m[48;2;153;150;54m▀[38;2;214;194;71m[48;2;159;156;59m▀[38;2;201;184;60m[48;2;138;142;44m▀[38;2;208;192;69m[48;2;151;151;54m▀[38;2;196;181;67m[48;2;146;145;54m▀[38;2;180;167;62m[48;2;155;146;46m▜[38;2;198;181;66m[48;2;182;168;57m▘[38;2;188;171;58m[48;2;167;153;46m▜[38;2;223;203;77m[48;2;205;189;71m▀[38;2;213;192;62m[48;2;190;173;57m▀[38;2;215;196;65m[48;2;187;174;62m▀[38;2;216;194;70m[48;2;184;170;63m▀[38;2;204;181;61m[48;2;177;161;50m▀[38;2;202;182;65m[48;2;189;171;54m▙[38;2;211;191;71m[48;2;196;176;56m▐[38;2;229;207;84m[48;2;214;193;73m▖[38;2;222;200;73m[48;2;205;184;67m▄[38;2;222;198;75m[48;2;213;190;67m▐[38;2;232;212;83m[48;2;222;201;72m▐[38;2;236;219;80m[48;2;227;208;73m▀[38;2;223;202;72m[48;2;220;197;70m▘[38;2;195;177;66m[48;2;165;148;44m▙[38;2;195;176;60m[48;2;161;148;49m▄[38;2;216;196;71m[48;2;186;170;63m▄[38;2;203;180;60m[48;2;167;154;54m▄[38;2;217;195;72m[48;2;183;166;55m▄[38;2;221;201;75m[48;2;211;191;68m▄[38;2;224;205;74m[48;2;212;195;63m▝[38;2;223;205;75m[48;2;212;194;64m▌[38;2;217;197;70m[48;2;204;184;58m▐[38;2;214;194;72m[48;2;197;178;62m▄[38;2;214;198;78m[48;2;194;179;67m▄[38;2;206;192;74m[48;2;187;173;54m▙[38;2;198;183;61m[48;2;189;173;53m▜[38;2;198;183;67m[48;2;184;172;53m▄[38;2;195;177;67m[48;2;171;163;52m▄[38;2;191;175;66m[48;2;161;152;48m▄[38;2;181;165;57m[48;2;151;145;43m▄[38;2;184;171;64m[48;2;155;147;44m▟[38;2;208;192;74m[48;2;188;178;62m▗[38;2;211;195;75m[48;2;185;175;62m▄[38;2;198;180;65m[48;2;174;164;51m▄[38;2;193;179;65m[48;2;181;171;58m▙[38;2;197;185;69m[48;2;186;175;59m▐[38;2;194;182;63m[48;2;189;178;58m▌[38;2;186;177;62m[48;2;175;165;51m▞[38;2;193;186;69m[48;2;170;163;52m▘[38;2;176;169;58m[48;2;165;158;47m▌[38;2;189;180;67m[48;2;177;167;54m▐[38;2;200;189;69m[48;2;191;180;61m▚[38;2;187;177;59m[48;2;181;171;52m▚[38;2;176;170;56m[48;2;170;163;54m▄[38;2;159;159;55m[48;2;140;140;40m▄[38;2;132;135;38m[48;2;108;111;23m▜[38;2;172;169;67m[48;2;150;151;56m▝[38;2;149;149;42m[48;2;117;123;35m▀[38;2;180;179;66m[48;2;151;157;57m▀[38;2;177;173;58m[48;2;142;147;54m▀[38;2;173;168;60m[48;2;136;140;51m▀[38;2;170;163;53m[48;2;140;139;46m▀[38;2;194;184;69m[48;2;169;164;61m▀[38;2;176;169;62m[48;2;156;153;56m▀[38;2;163;156;49m[48;2;146;145;45m▀[38;2;194;182;67m[48;2;174;166;63m▀[38;2;202;187;73m[48;2;179;169;60m▘[38;2;197;184;73m[48;2;170;163;54m▀[38;2;190;178;60m[48;2;177;170;59m▀[38;2;186;176;63m[48;2;168;160;49m▜[38;2;183;175;64m[48;2;168;161;54m▀[38;2;181;169;61m[48;2;154;146;45m▛[38;2;198;183;71m[48;2;168;160;59m▀[38;2;199;184;70m[48;2;181;169;61m▀[38;2;195;179;66m[48;2;175;164;55m▜[38;2;210;193;78m[48;2;192;176;60m▐[38;2;194;179;67m[48;2;172;158;51m▛[0m