[38;2;214;207;224m[48;2;205;202;224m▄[38;2;213;206;223m[48;2;205;202;226m▄[38;2;212;205;223m[48;2;204;201;225m▄[38;2;209;204;222m[48;2;203;200;224m▄▄▄[38;2;208;203;221m▄[38;2;207;204;221m[48;2;203;200;222m▄[38;2;206;203;222m▄[38;2;205;203;222m▄▄▄▄▄▄▄▄[38;2;204;202;221m[48;2;203;200;224m▄[48;2;201;200;223m▄[38;2;204;201;223m▄▄[38;2;203;202;223m[48;2;197;200;222m▄[48;2;196;199;221m▄[38;2;202;201;224m[48;2;196;199;222m▄[48;2;196;198;222m▄[48;2;197;200;222m▄[48;2;200;198;223m▄[48;2;197;200;223m▄[48;2;200;198;222m▄[38;2;203;202;223m[48;2;200;199;222m▄[48;2;201;200;223m▄[38;2;204;201;223m[48;2;200;198;222m▄[48;2;201;200;223m▄▄[38;2;204;202;221m▄[48;2;202;201;222m▄[38;2;205;203;219m▄[38;2;209;204;222m[48;2;203;201;219m▄[38;2;208;203;221m[48;2;203;201;220m▄[38;2;207;204;221m[48;2;204;202;221m▄[38;2;208;205;222m[48;2;205;203;222m▄[38;2;208;205;221m▄[38;2;208;204;221m▟[38;2;210;207;219m[48;2;207;204;221m▗[38;2;211;208;221m[48;2;207;204;223m▄[38;2;214;208;221m[48;2;205;203;219m▄[48;2;206;203;218m▄[38;2;215;209;222m[48;2;208;203;220m▄[38;2;216;208;222m[48;2;209;204;221m▄[38;2;217;209;223m[48;2;212;205;222m▄[38;2;217;209;221m[48;2;213;207;220m▄[38;2;218;210;222m[48;2;214;208;221m▄[38;2;217;210;222m[48;2;215;209;222m▟[38;2;221;210;223m[48;2;218;209;221m▗[38;2;221;210;221m[48;2;219;209;222m▄[38;2;223;211;219m▄[48;2;221;210;223m▄[38;2;225;211;221m[48;2;220;209;222m▄[38;2;227;213;222m[48;2;223;210;221m▄[38;2;240;228;225m[48;2;227;215;218m▗[38;2;251;238;218m[48;2;243;229;215m▟[38;2;252;239;211m[48;2;249;237;209m▌[38;2;251;236;209m[48;2;250;229;204m▀[38;2;251;238;212m[48;2;250;228;203m▀▀[38;2;252;230;205m[48;2;249;223;201m▘[38;2;252;219;198m[48;2;250;217;196m▌▗[38;2;252;221;200m[48;2;251;218;197m▟[38;2;251;225;204m[48;2;250;223;202m▝[38;2;251;229;207m[48;2;250;228;206m▗[38;2;251;230;208m[48;2;250;229;207m▙▄[38;2;251;232;209m▄[38;2;251;230;208m[48;2;250;228;206m▌[38;2;251;225;204m[48;2;250;223;203m▘[38;2;250;221;202m[48;2;247;218;201m▙[38;2;249;221;201m[48;2;250;218;201m▄[38;2;249;219;202m[48;2;247;218;201m▄[48;2;249;219;202m [0m
[38;2;225;212;225m[48;2;219;209;224m▄▄[38;2;223;212;225m[48;2;218;208;223m▄[38;2;222;211;224m[48;2;217;208;225m▄[48;2;217;207;222m▄[48;2;216;208;222m▄[38;2;224;211;224m▄[38;2;223;210;223m[48;2;216;207;224m▄[48;2;215;205;223m▄[38;2;220;209;224m[48;2;214;207;223m▄[38;2;218;208;223m▄[38;2;217;209;223m[48;2;212;205;222m▄[38;2;216;208;222m[48;2;209;204;222m▄▄▄▄[38;2;215;208;224m[48;2;208;203;223m▄[48;2;207;204;223m▄[38;2;214;207;223m▄[38;2;211;207;223m▄[38;2;209;207;223m[48;2;205;202;224m▄[38;2;210;208;226m[48;2;205;203;222m▄[38;2;210;208;224m[48;2;207;204;223m▄[48;2;207;203;225m▄▄▄[48;2;207;204;223m▄▄[38;2;211;207;224m▄[38;2;211;207;223m[48;2;208;205;224m▄[38;2;215;208;224m[48;2;207;204;223m▄[38;2;216;210;223m[48;2;207;204;221m▄[38;2;224;217;224m▄[38;2;222;215;222m▄[38;2;221;212;222m[48;2;209;204;222m▄[38;2;222;215;222m[48;2;210;206;222m▄[38;2;239;229;222m[48;2;217;209;221m▄[38;2;250;236;215m[48;2;229;217;220m▄[38;2;248;232;215m[48;2;224;214;220m▄[38;2;235;219;220m[48;2;215;209;220m▄[38;2;222;211;224m[48;2;215;209;222m▄[48;2;217;209;223m▄[38;2;224;211;222m[48;2;217;209;221m▄▄[38;2;225;213;223m▄[38;2;226;214;224m[48;2;219;209;222m▄[38;2;228;214;223m[48;2;220;209;220m▄[48;2;221;210;223m▄[48;2;221;210;221m▄▄[48;2;224;211;222m▄[48;2;221;210;223m▄▄[38;2;229;215;224m[48;2;224;211;222m▄[38;2;230;216;225m[48;2;225;214;222m▄[38;2;229;215;224m[48;2;226;212;222m▄▄[38;2;230;216;225m[48;2;228;214;223m▄[38;2;231;217;224m[48;2;230;216;223m▄[38;2;248;234;225m[48;2;237;224;215m▐[38;2;252;240;212m[48;2;250;238;210m▌[38;2;253;232;208m[48;2;251;229;204m▘[38;2;252;226;203m[48;2;250;223;200m▘[38;2;251;223;201m[48;2;250;222;200m▙▖[38;2;252;222;200m[48;2;251;221;198m▙[48;2;252;217;197m▄[38;2;251;223;201m[48;2;251;221;199m▄[38;2;252;224;202m[48;2;250;222;200m▗[38;2;250;228;203m[48;2;250;224;203m▄[38;2;252;230;205m[48;2;250;228;205m▝[38;2;251;230;208m[48;2;251;230;208m [38;2;251;232;209m▀[38;2;252;231;209m[48;2;249;228;206m▘[38;2;249;227;204m[48;2;250;223;204m▀[38;2;251;223;203m[48;2;250;222;202m▙▄[38;2;251;222;204m[48;2;250;221;203m▘[38;2;250;221;203m[48;2;249;219;202m▘[38;2;249;219;202m[48;2;247;218;201m▜[0m
[38;2;230;216;225m[48;2;226;214;224m▄▄[48;2;228;215;225m▄[48;2;226;214;224m▄[48;2;226;214;226m▄[48;2;226;214;224m▄[48;2;227;214;224m▄[38;2;231;217;226m[48;2;228;215;225m▄[48;2;226;214;224m▄▄[38;2;230;216;225m[48;2;225;213;225m▄[48;2;225;212;225m▄[38;2;229;215;224m[48;2;224;211;224m▄[38;2;228;213;224m[48;2;221;210;223m▄[38;2;226;214;224m▄▄[48;2;221;210;225m▄[38;2;226;214;226m▄▄▄[48;2;218;210;224m▄[38;2;225;213;225m▄[38;2;225;212;225m[48;2;218;209;226m▄[38;2;225;213;225m▄[38;2;226;214;226m▄▄▄[38;2;226;214;224m[48;2;218;210;224m▄[38;2;227;214;227m▄[38;2;227;217;226m[48;2;219;211;225m▄[38;2;245;234;221m[48;2;223;215;225m▄[38;2;250;241;216m[48;2;237;230;223m▄[38;2;250;239;219m[48;2;251;238;215m▛[38;2;250;238;217m[48;2;249;237;216m▌[38;2;250;235;215m[48;2;250;235;215m [38;2;251;238;213m[48;2;246;236;220m▄[38;2;252;239;218m[48;2;251;231;210m▀[38;2;252;229;209m[48;2;250;223;204m▘[38;2;252;225;209m[48;2;251;224;210m▀[38;2;246;228;222m[48;2;244;225;221m▙[38;2;237;223;228m[48;2;230;217;225m▖[38;2;231;217;226m[48;2;228;216;224m▄[38;2;232;218;225m[48;2;229;215;224m▄[38;2;232;218;223m[48;2;230;216;223m▄▄[38;2;233;219;224m[48;2;231;217;224m▄[38;2;232;218;223m▄[48;2;231;217;226m▄[48;2;231;217;224m▄▄▄[38;2;233;219;224m▄[38;2;232;218;223m[48;2;230;216;223m▄[48;2;231;217;224m▄▄[38;2;235;222;222m[48;2;231;217;222m▄[38;2;243;229;217m▄[38;2;244;226;216m▄[38;2;239;222;220m[48;2;231;217;224m▄[38;2;246;230;223m[48;2;238;222;215m▐[38;2;251;236;209m[48;2;253;235;209m▀[38;2;252;230;206m[48;2;250;229;204m▌[38;2;250;229;204m[48;2;251;225;202m▄[38;2;251;232;206m[48;2;249;227;202m▄[38;2;251;236;209m[48;2;250;229;204m▄[38;2;252;231;207m▖[38;2;251;230;205m▄[38;2;251;230;206m[48;2;251;229;204m▄▄[38;2;251;229;207m[48;2;250;229;207m▛[38;2;250;229;207m [38;2;251;230;208m▄▄[38;2;250;228;207m[48;2;250;228;207m [38;2;252;225;207m[48;2;251;224;205m▖[38;2;251;223;203m[48;2;251;223;203m [38;2;251;224;205m[48;2;251;222;204m▄[38;2;252;223;205m▖[38;2;251;222;204m[48;2;249;220;202m▖[38;2;250;222;202m[48;2;249;221;201m▄[0m
[38;2;233;219;229m[48;2;232;218;228m▄▄▄▄▄[38;2;233;219;226m▄[38;2;235;221;225m[48;2;232;218;224m▗[48;2;233;219;226m▄▄▄[48;2;232;218;228m▄[48;2;232;218;226m▖[38;2;233;219;226m[48;2;231;217;227m▄[48;2;231;217;226m▄▄[48;2;229;217;225m▄▄[38;2;231;220;228m[48;2;229;216;226m▄[38;2;231;219;228m▄▄[38;2;232;218;225m▄[38;2;231;219;228m▄[48;2;229;217;225m▄[38;2;231;219;225m▄[38;2;232;218;225m▄[38;2;232;221;226m▄[38;2;236;226;227m▄[38;2;240;231;224m[48;2;230;218;226m▄[38;2;241;230;223m[48;2;228;218;227m▄[38;2;248;235;222m[48;2;235;224;221m▟[38;2;252;238;215m[48;2;251;231;210m▀[38;2;250;233;211m[48;2;252;230;212m▀[48;2;251;229;211m▀[38;2;251;231;210m[48;2;250;229;209m▘[38;2;251;229;209m[48;2;251;229;209m  [48;2;250;228;208m▘[38;2;252;225;204m[48;2;250;223;202m▌[38;2;251;224;209m[48;2;250;223;208m▐[38;2;250;229;220m[48;2;251;228;216m▀[38;2;249;228;218m[48;2;245;226;222m▙[38;2;250;229;219m[48;2;239;223;224m▄[38;2;241;224;226m[48;2;235;221;225m▄[38;2;236;222;226m▄▄▄[38;2;236;223;225m▄[38;2;237;224;226m▄[38;2;239;223;226m▄[38;2;239;223;224m[48;2;235;222;224m▄[38;2;240;223;224m[48;2;236;223;225m▄▄[48;2;238;222;225m▄[48;2;235;222;224m▄[38;2;247;232;217m[48;2;240;223;222m▄[38;2;251;238;215m[48;2;248;235;212m▞[38;2;251;236;209m[48;2;250;229;204m▀[38;2;251;229;204m[48;2;250;224;201m▀[38;2;251;228;210m[48;2;250;225;204m▘[38;2;251;229;207m[48;2;249;227;209m▄[38;2;251;231;206m[48;2;250;230;204m▐[38;2;251;232;207m[48;2;250;229;204m▄[38;2;253;235;207m[48;2;251;230;204m▗[38;2;252;238;209m[48;2;250;236;208m▐[38;2;251;238;210m[48;2;250;237;207m▘[38;2;250;237;209m[48;2;252;234;208m▄[38;2;253;235;209m[48;2;252;233;208m▖[38;2;252;231;207m[48;2;251;230;205m▛[48;2;251;230;208m▀[38;2;251;230;208m  [48;2;250;229;207m▀▀[38;2;250;229;207m [38;2;251;229;207m[48;2;250;228;205m▘[38;2;252;225;207m[48;2;251;224;205m▖▀[38;2;251;225;204m[48;2;251;223;204m▖[38;2;251;223;203m[48;2;251;223;203m [48;2;250;222;202m▛[0m
[38;2;237;223;228m[48;2;235;221;228m▄[48;2;236;222;226m▄▄[48;2;235;221;225m▄▄[48;2;236;222;226m▄▄▄▄▄▄▄▄[38;2;238;225;228m[48;2;235;221;225m▄[38;2;240;228;228m▄[38;2;238;225;225m▄[38;2;237;224;227m[48;2;236;222;226m▄[38;2;237;223;228m[48;2;235;221;225m▄[38;2;241;229;226m[48;2;233;222;228m▄[38;2;248;237;222m[48;2;235;223;227m▄[38;2;247;237;222m▄[38;2;247;233;222m[48;2;236;222;226m▄[38;2;246;231;225m[48;2;235;221;225m▄[38;2;247;233;222m[48;2;236;222;226m▄[38;2;246;232;221m▄[38;2;250;236;221m[48;2;240;227;225m▄[38;2;251;241;218m[48;2;249;238;215m▞[38;2;252;239;216m[48;2;251;231;210m▀[38;2;250;236;212m[48;2;250;228;208m▀[38;2;253;233;212m[48;2;251;229;209m▘[38;2;253;231;214m[48;2;250;228;209m▗[38;2;253;231;216m[48;2;251;229;214m▄[38;2;252;230;212m[48;2;250;228;210m▖[38;2;251;229;211m▟[38;2;250;228;208m[48;2;250;228;208m  [38;2;250;228;207m[48;2;250;228;207m [38;2;250;228;205m[48;2;251;225;204m▄[38;2;252;227;208m[48;2;250;225;206m▐[38;2;250;228;211m[48;2;250;228;211m [38;2;250;226;209m[48;2;250;226;209m [38;2;252;231;218m[48;2;250;225;214m▄[38;2;245;227;226m[48;2;239;215;207m▀[38;2;239;226;229m[48;2;238;219;216m▀[38;2;244;228;229m[48;2;239;225;225m▗[38;2;244;228;227m[48;2;238;225;225m▄[38;2;243;226;225m[48;2;239;225;225m▖[38;2;242;225;224m[48;2;240;224;225m▄[38;2;243;228;223m[48;2;243;225;226m▄[38;2;243;228;222m[48;2;242;224;223m▄[38;2;245;229;221m[48;2;242;224;225m▄[38;2;243;228;222m[48;2;242;224;223m▄▄[38;2;246;231;216m[48;2;241;226;222m▄[38;2;251;237;212m[48;2;249;235;211m▟[38;2;252;234;208m[48;2;249;230;204m▌[38;2;252;225;203m[48;2;251;224;201m▌[38;2;250;228;203m[48;2;251;223;201m▄[38;2;251;230;206m[48;2;250;228;203m▄[38;2;252;233;208m[48;2;250;229;204m▄[38;2;250;235;208m[48;2;252;233;208m▀[38;2;250;237;209m[48;2;253;235;209m▀[38;2;250;237;208m[48;2;250;237;208m [38;2;250;236;207m[48;2;250;236;207m [38;2;250;237;209m[48;2;252;234;208m▀[38;2;251;236;209m[48;2;251;230;206m▀[38;2;253;232;208m[48;2;251;230;205m▘[38;2;251;230;208m[48;2;251;230;208m  [48;2;250;229;207m▛▘[38;2;250;229;207m  [48;2;249;228;205m▘[38;2;250;228;205m[48;2;250;228;205m  [48;2;249;226;204m▄[38;2;251;225;204m[48;2;250;224;203m▌[38;2;251;223;201m[48;2;250;222;200m▘▟[0m
[38;2;240;228;228m[48;2;239;226;229m▄[48;2;238;225;228m▄[48;2;239;226;229m▄▄▄▄▄[38;2;242;229;229m▄[38;2;240;228;228m▄▄[38;2;241;228;228m▄[38;2;242;229;231m▄[38;2;247;236;229m[48;2;241;228;226m▗[38;2;251;238;215m[48;2;248;234;223m▄[38;2;251;238;219m[48;2;250;237;213m▘[38;2;251;235;215m[48;2;251;232;211m▘[38;2;253;233;215m[48;2;249;231;218m▗[38;2;250;241;218m[48;2;244;232;225m▄[38;2;251;242;219m[48;2;249;240;217m▞[38;2;250;240;216m[48;2;250;238;213m▀[38;2;252;238;215m[48;2;251;237;212m▘[38;2;251;237;214m[48;2;250;234;214m▀[38;2;251;237;218m▀[38;2;251;237;216m[48;2;250;236;215m▗[38;2;251;237;214m▛[38;2;250;234;211m[48;2;250;228;208m▀[38;2;252;231;209m[48;2;250;229;208m▘[38;2;250;228;208m[48;2;250;228;205m▄[38;2;252;229;210m[48;2;250;227;208m▞[38;2;249;225;207m[48;2;207;178;160m▛[38;2;241;214;198m[48;2;141;113;106m▀[38;2;231;208;193m[48;2;118;99;96m▀[38;2;253;231;216m[48;2;170;152;145m▀[38;2;251;228;213m[48;2;224;201;189m▜[38;2;255;234;219m[48;2;251;229;211m▄[38;2;251;231;213m[48;2;250;228;210m▄[38;2;251;231;212m▄[38;2;251;229;211m▙▜[48;2;251;229;211m [38;2;253;237;220m[48;2;241;225;208m▞[38;2;242;225;211m[48;2;144;114;111m▀[38;2;238;203;186m[48;2;151;118;112m▀[38;2;226;189;171m[48;2;202;170;160m▀[38;2;218;185;171m[48;2;196;162;148m▀[38;2;225;201;193m[48;2;171;140;127m▀[38;2;246;229;224m[48;2;200;174;160m▀[38;2;255;237;216m[48;2;248;231;217m▗[38;2;251;236;211m[48;2;246;232;221m▄[38;2;251;238;217m[48;2;251;236;211m▝[38;2;251;237;210m[48;2;249;235;209m▌[38;2;252;233;208m[48;2;250;230;211m▄[38;2;252;231;207m[48;2;251;229;211m▄[38;2;252;233;209m[48;2;250;231;208m▟[38;2;251;238;210m[48;2;250;237;209m▙[48;2;251;236;209m▄[48;2;251;232;207m▄[38;2;251;236;209m▄[38;2;252;232;207m[48;2;251;230;205m▛[38;2;251;230;208m[48;2;251;230;208m [38;2;252;231;209m[48;2;251;230;206m▝[38;2;252;233;208m[48;2;252;231;207m▀[38;2;253;235;209m▀[38;2;252;234;208m[48;2;251;230;206m▀[38;2;252;231;207m[48;2;250;229;204m▘[38;2;251;230;205m▐[48;2;251;230;205m [48;2;250;229;202m▘[38;2;250;229;204m[48;2;250;229;204m [38;2;251;229;207m[48;2;252;227;203m▀[38;2;251;228;206m[48;2;252;226;203m▜▛[38;2;250;228;205m▀[48;2;252;224;202m▀[38;2;249;227;204m[48;2;251;223;201m▀[38;2;251;223;202m[48;2;250;222;200m▛[38;2;251;223;203m▀[38;2;251;223;201m▀▟[48;2;251;223;201m [0m
[38;2;249;232;226m[48;2;246;229;228m▄▄[38;2;249;232;228m[48;2;245;229;228m▄▄▄▄▄▄▄[38;2;247;232;226m▄[38;2;250;236;224m▄[38;2;250;241;221m[48;2;247;232;226m▄[38;2;251;243;216m[48;2;248;237;221m▄[38;2;251;241;212m[48;2;250;239;211m▌[38;2;251;236;211m[48;2;250;235;210m▌[38;2;250;235;210m[48;2;251;231;210m▄[38;2;250;241;215m[48;2;250;236;212m▄[38;2;250;244;216m[48;2;250;243;217m▄[38;2;251;243;216m[48;2;250;242;215m▌[38;2;250;242;213m[48;2;249;240;212m▌[38;2;251;239;212m[48;2;250;238;211m▌[38;2;251;238;212m[48;2;252;232;211m▄[38;2;250;237;211m[48;2;251;231;210m▄[38;2;251;237;216m[48;2;250;236;213m▝[38;2;251;237;215m[48;2;251;237;215m [38;2;250;236;213m[48;2;249;232;210m▄[38;2;251;235;213m[48;2;248;232;210m▞[38;2;249;226;206m[48;2;203;176;162m▀[38;2;211;182;164m[48;2;111;85;84m▀[38;2;143;113;112m[48;2;86;60;63m▘[38;2;81;61;64m[48;2;75;55;60m▄[38;2;92;74;73m[48;2;71;57;61m▄[38;2;96;79;80m[48;2;89;72;73m▞[38;2;128;111;105m[48;2;91;74;73m▀[38;2;210;193;180m[48;2;115;100;95m▀[38;2;254;235;218m[48;2;185;171;157m▀[38;2;252;232;213m[48;2;245;225;207m▜[38;2;252;232;214m[48;2;250;230;211m▗[48;2;251;231;212m▄[38;2;252;233;214m[48;2;223;203;185m▛[38;2;245;224;211m[48;2;133;113;106m▘[38;2;99;79;79m[48;2;81;62;62m▌[38;2;184;160;149m[48;2;94;68;67m▄[38;2;253;239;214m[48;2;177;149;139m▄[38;2;252;237;213m[48;2;210;184;170m▄[38;2;236;214;192m[48;2;182;154;143m▄[38;2;184;157;143m[48;2;152;127;117m▄[38;2;196;173;155m[48;2;156;129;115m▀[38;2;246;226;207m[48;2;176;154;139m▜[38;2;252;232;209m[48;2;250;230;208m▌[38;2;251;230;208m[48;2;251;230;208m  [38;2;251;232;207m[48;2;252;231;207m▄[38;2;250;236;208m[48;2;250;236;208m [38;2;251;238;210m[48;2;250;237;207m▘[38;2;250;236;209m[48;2;250;236;209m [38;2;251;236;209m[48;2;252;233;208m▀[38;2;252;233;208m[48;2;252;231;207m▀[38;2;253;232;208m▘[38;2;252;231;207m[48;2;251;230;205m▖[38;2;251;230;205m[48;2;250;229;204m▛[38;2;250;229;204m   [38;2;251;230;205m▟[48;2;250;229;202m▘[38;2;251;229;202m[48;2;251;229;202m [38;2;253;228;202m[48;2;252;226;201m▘[38;2;252;226;201m  [38;2;252;226;202m[48;2;252;226;202m [38;2;252;226;203m[48;2;250;224;201m▀[38;2;251;225;202m[48;2;251;223;198m▀[38;2;251;223;199m[48;2;251;223;199m [48;2;250;222;200m▙[38;2;251;223;201m▄[38;2;251;223;198m▄▄[38;2;251;223;201m▄▄[0m
[38;2;251;237;223m[48;2;251;235;226m▄[48;2;250;235;226m▄▄▄[48;2;249;233;225m▄▄[48;2;250;235;226m▄▄▄[38;2;252;239;221m[48;2;250;236;224m▄[38;2;251;242;217m[48;2;250;240;221m▄[38;2;250;244;216m[48;2;250;243;217m▄[38;2;249;243;215m[48;2;250;242;212m▀[38;2;252;240;212m[48;2;251;238;210m▘[38;2;251;239;214m[48;2;251;236;211m▄[38;2;250;242;215m[48;2;250;239;213m▗[38;2;250;242;213m[48;2;250;242;213m [38;2;250;242;215m[48;2;252;239;211m▀[38;2;252;240;212m▀[38;2;251;239;211m[48;2;251;238;210m▛[48;2;250;238;210m▘[38;2;251;238;210m[48;2;251;238;210m [38;2;251;239;214m[48;2;250;238;212m▝[38;2;251;238;215m[48;2;250;236;213m▐[38;2;252;238;215m[48;2;252;238;215m [38;2;252;237;215m[48;2;233;217;197m▛[38;2;250;228;210m[48;2;197;174;158m▘[38;2;188;166;151m[48;2;128;100;93m▄[38;2;243;223;202m[48;2;122;97;92m▄[38;2;255;237;216m[48;2;177;152;142m▄[48;2;197;172;161m▄[38;2;254;238;216m[48;2;225;205;189m▄[38;2;254;241;218m[48;2;208;185;170m▄[38;2;251;235;216m[48;2;141;120;111m▄[38;2;198;175;163m[48;2;99;82;78m▄[38;2;160;136;126m[48;2;109;94;88m▄[38;2;205;182;164m[48;2;157;133;116m▐[38;2;217;190;171m[48;2;194;171;155m▛[38;2;210;185;164m[48;2;160;139;127m▀[38;2;180;162;152m[48;2;115;102;95m▘[38;2;88;80;79m[48;2;76;60;63m▄[38;2;224;207;192m[48;2;135;116;102m▐[38;2;255;244;216m[48;2;252;239;211m▝[38;2;252;240;212m[48;2;251;238;210m▘[38;2;251;238;210m[48;2;250;237;209m▘[38;2;254;236;210m[48;2;252;234;208m▀[38;2;252;230;207m[48;2;242;219;197m▙[38;2;253;232;208m[48;2;226;203;181m▄[38;2;251;230;206m[48;2;233;211;189m▟[48;2;251;230;206m  [38;2;252;233;208m[48;2;250;231;206m▐[38;2;250;236;207m[48;2;250;236;207m [38;2;251;236;207m[48;2;251;232;204m▀[38;2;253;235;209m[48;2;250;231;206m▀[38;2;252;234;208m[48;2;251;232;207m▀[38;2;251;232;207m[48;2;251;230;206m▀[38;2;251;230;205m[48;2;251;230;205m [38;2;251;230;204m[48;2;251;230;204m [38;2;251;230;203m[48;2;251;229;202m▀[48;2;250;229;202m▘[38;2;250;229;203m[48;2;250;229;203m  [38;2;251;229;203m[48;2;251;229;203m [38;2;251;229;202m[48;2;251;229;202m  [38;2;252;228;202m[48;2;251;227;201m▌[38;2;252;226;201m[48;2;252;226;201m  [48;2;251;225;200m▌[38;2;252;224;200m[48;2;251;223;198m▘[38;2;251;223;198m    [38;2;251;225;200m▄▄[38;2;252;226;201m▄[38;2;251;225;200m▄[38;2;251;223;198m [0m
[38;2;253;238;224m[48;2;249;239;219m▀▀[48;2;249;238;222m▀[38;2;250;238;222m[48;2;251;237;223m▙[38;2;249;238;222m[48;2;251;237;222m▄[38;2;250;239;223m[48;2;252;238;223m▄[48;2;251;237;223m▄▄[48;2;249;238;222m▟[38;2;251;242;217m[48;2;250;240;216m▛[38;2;251;243;216m[48;2;250;242;212m▀[38;2;252;240;212m[48;2;251;239;211m▛[38;2;252;239;211m[48;2;252;239;211m  [38;2;251;239;211m[48;2;251;239;211m [38;2;252;239;210m[48;2;252;239;210m [38;2;252;239;211m[48;2;252;239;211m    [48;2;251;238;210m▄[38;2;251;239;211m▄[38;2;249;240;214m[48;2;250;238;212m▄[38;2;250;239;214m[48;2;251;237;214m▟[38;2;251;238;214m[48;2;251;238;214m [38;2;250;234;213m[48;2;223;201;183m▙[38;2;249;236;212m[48;2;219;203;183m▟[38;2;254;241;216m[48;2;251;238;212m▀[38;2;252;239;214m[48;2;250;238;212m▚[38;2;248;239;213m[48;2;250;236;212m▄[38;2;249;240;214m▄[48;2;251;237;214m▄[38;2;251;238;215m[48;2;250;237;214m▖[38;2;247;233;212m[48;2;218;201;188m▀[38;2;226;205;192m[48;2;188;169;162m▀[38;2;177;159;151m[48;2;153;135;127m▌[38;2;202;181;169m[48;2;169;152;144m▝[38;2;158;141;133m[48;2;135;126;119m▀[38;2;142;133;126m[48;2;136;129;122m▀[38;2;131;124;117m[48;2;124;117;110m▌[38;2;116;108;105m[48;2;106;98;96m▀[38;2;182;175;168m[48;2;146;138;131m▐[38;2;248;233;209m[48;2;193;179;160m▜[38;2;254;239;210m[48;2;251;237;209m▖[38;2;252;237;208m[48;2;250;236;208m▖[38;2;253;234;208m[48;2;252;232;206m▌[38;2;252;231;209m[48;2;250;229;205m▖[38;2;251;230;203m[48;2;243;224;219m▀[38;2;253;231;207m[48;2;237;220;225m▀[38;2;251;230;208m[48;2;225;214;232m▀[38;2;252;231;204m[48;2;233;219;226m▀[38;2;254;234;207m[48;2;231;219;225m▀[38;2;253;235;207m[48;2;223;212;228m▀[38;2;252;232;203m[48;2;227;213;220m▀[38;2;253;231;204m[48;2;226;212;219m▀[38;2;252;231;207m[48;2;217;207;222m▀[38;2;253;231;204m[48;2;223;209;219m▀[38;2;252;230;203m[48;2;224;210;219m▀[48;2;216;204;223m▀[48;2;220;207;222m▀[38;2;252;231;202m[48;2;227;215;217m▀[48;2;232;216;215m▀[48;2;238;219;215m▀[38;2;251;230;201m[48;2;247;225;208m▀[38;2;250;230;201m[48;2;249;228;205m▀[48;2;249;228;206m▀[38;2;252;230;203m[48;2;251;229;202m▗[38;2;253;229;201m[48;2;252;228;200m▙[38;2;254;228;198m▄[48;2;252;226;201m▄[38;2;253;229;201m▄[38;2;250;228;205m[48;2;251;226;202m▖[38;2;252;226;201m[48;2;249;225;205m▀[38;2;250;228;205m[48;2;251;226;202m▖[38;2;252;226;201m[48;2;245;222;210m▀[38;2;253;228;202m[48;2;242;219;216m▀[48;2;239;221;217m▀[38;2;252;228;200m[48;2;243;221;215m▀[38;2;253;229;201m[48;2;237;220;218m▀[38;2;253;228;202m[48;2;235;218;222m▀[0m
[38;2;251;242;219m[48;2;250;240;221m▄[48;2;250;240;220m▖[48;2;250;240;221m▄▄▄▄▄▄[48;2;250;240;218m▟[38;2;251;243;216m[48;2;250;242;215m▘[38;2;251;243;211m[48;2;250;242;212m▄[38;2;253;240;211m[48;2;252;239;210m▌[38;2;252;239;210m [38;2;252;240;212m[48;2;252;239;211m▄[38;2;250;242;212m▄[48;2;251;239;211m▄[48;2;252;240;212m▄▄[38;2;250;242;213m[48;2;250;242;213m [38;2;250;242;215m[48;2;250;242;215m  [48;2;249;240;214m▙▄▗[38;2;252;240;215m▄[48;2;251;239;214m▄[48;2;249;240;214m▄[38;2;252;240;212m▄[38;2;252;240;215m▄▄[38;2;250;242;215m[48;2;251;239;215m▝[48;2;251;238;217m▀[38;2;253;239;220m[48;2;232;218;199m▌[38;2;189;174;162m[48;2;147;131;125m▀[38;2;163;152;145m[48;2;125;110;105m▀[38;2;193;176;168m[48;2;169;153;147m▗[38;2;165;153;147m[48;2;138;125;119m▌[38;2;116;108;104m[48;2;103;92;91m▀[38;2;117;109;106m[48;2;100;90;89m▀[38;2;113;105;101m[48;2;98;88;84m▀[38;2;101;93;91m[48;2;87;82;82m▀[38;2;154;146;145m[48;2;108;100;98m▝[38;2;172;163;153m[48;2;146;139;132m▀[38;2;244;228;210m[48;2;177;166;167m▀[38;2;246;230;222m[48;2;218;212;238m▀[38;2;244;228;222m[48;2;223;219;245m▀[38;2;230;219;232m[48;2;218;214;243m▀[38;2;216;211;244m[48;2;214;209;243m▙[38;2;213;209;243m[48;2;211;207;240m▌[38;2;209;206;238m[48;2;208;204;237m▌[38;2;208;204;242m[48;2;207;203;236m▘[38;2;206;203;237m[48;2;203;201;234m▌[38;2;204;200;231m[48;2;201;197;235m▄[38;2;202;197;229m[48;2;198;194;229m▖[38;2;197;194;229m[48;2;197;193;224m▘[38;2;200;195;224m[48;2;196;192;225m▗[48;2;194;190;225m▄[48;2;196;193;227m▄[48;2;197;194;229m▄[38;2;201;196;225m▄[38;2;203;199;228m[48;2;198;195;230m▄[38;2;202;197;227m[48;2;200;194;230m▄[38;2;204;200;233m[48;2;202;197;228m▝[38;2;209;202;232m[48;2;204;200;230m▝[38;2;214;205;231m[48;2;203;201;231m▀[38;2;212;206;232m▀[38;2;229;215;225m[48;2;204;202;232m▀[38;2;237;219;218m[48;2;207;204;235m▀[38;2;236;218;217m[48;2;208;206;236m▀[38;2;237;219;218m[48;2;208;205;236m▀[38;2;228;216;224m▀[38;2;221;210;235m[48;2;212;207;235m▘[38;2;217;210;239m[48;2;214;208;237m▐[38;2;219;212;239m[48;2;217;211;237m▌[38;2;215;209;238m[48;2;214;207;237m▙[38;2;211;209;242m[48;2;211;207;236m▀[48;2;212;208;237m▀[38;2;215;210;242m[48;2;214;209;238m▀[38;2;216;211;240m[48;2;214;209;242m▗[38;2;218;215;241m[48;2;215;213;245m▄[0m
[38;2;243;232;220m[48;2;197;193;222m▀[38;2;244;233;221m[48;2;201;196;225m▀[38;2;250;236;221m[48;2;208;199;225m▀[48;2;210;202;226m▀[38;2;250;240;218m[48;2;220;211;229m▀[38;2;250;241;218m[48;2;223;215;229m▀[38;2;251;242;219m[48;2;225;217;231m▀[38;2;251;238;220m[48;2;222;213;237m▀[38;2;248;238;222m[48;2;217;209;234m▀[38;2;249;235;219m[48;2;210;204;231m▀[38;2;244;234;218m[48;2;208;201;234m▀[38;2;247;234;216m[48;2;211;204;234m▀[38;2;251;239;214m[48;2;222;212;231m▀[38;2;251;238;217m[48;2;220;211;235m▀[38;2;252;239;216m[48;2;224;217;234m▀[38;2;250;237;216m[48;2;223;215;238m▀[38;2;248;234;220m[48;2;218;211;241m▀[38;2;249;235;221m[48;2;217;210;241m▀[38;2;249;235;220m[48;2;218;211;242m▀[38;2;251;238;219m[48;2;220;214;241m▀[48;2;221;215;240m▀[38;2;250;236;221m[48;2;220;214;241m▀[38;2;249;235;221m[48;2;218;213;239m▀[38;2;248;234;222m[48;2;216;209;239m▀[38;2;244;232;223m[48;2;213;208;242m▀[48;2;212;208;242m▀[38;2;242;230;223m[48;2;210;206;239m▀[38;2;242;231;228m[48;2;208;206;238m▀[38;2;240;230;226m[48;2;204;201;236m▀[38;2;237;229;230m[48;2;204;202;235m▀[38;2;230;224;232m[48;2;199;199;235m▀[38;2;229;223;236m[48;2;201;197;235m▀[38;2;230;222;234m[48;2;208;204;233m▀[38;2;192;174;176m[48;2;123;107;108m▙[38;2;157;130;126m[48;2;124;96;92m▌[38;2;203;177;169m[48;2;138;112;103m▐[38;2;189;173;166m[48;2;128;112;105m▌[38;2;98;88;89m[48;2;72;61;62m▌[38;2;118;102;99m[48;2;67;51;48m▐[38;2;134;116;112m[48;2;111;94;89m▌[38;2;113;94;94m[48;2;95;81;82m▗[38;2;108;102;100m[48;2;99;94;93m▖[38;2;119;111;107m[48;2;102;94;93m▀[38;2;127;116;113m[48;2;109;100;99m▀[38;2;189;178;181m[48;2;145;136;135m▝[38;2;221;212;229m[48;2;174;158;156m▀[38;2;229;221;237m[48;2;207;197;205m▜[38;2;229;223;233m[48;2;224;217;237m▄[38;2;228;219;229m[48;2;221;214;234m▄[38;2;225;217;227m[48;2;216;211;231m▄[38;2;222;214;223m[48;2;212;208;228m▄[38;2;218;210;220m[48;2;210;206;225m▄[38;2;215;209;217m[48;2;208;203;220m▄[38;2;214;208;216m[48;2;206;201;218m▄[38;2;214;209;215m[48;2;205;201;218m▄[48;2;204;200;217m▄[48;2;203;199;216m▄[38;2;215;210;216m[48;2;204;200;217m▄[38;2;217;210;217m[48;2;206;202;219m▄[38;2;219;212;219m[48;2;209;204;222m▄[38;2;216;211;217m[48;2;211;207;224m▄[38;2;215;210;216m[48;2;209;204;222m▄[38;2;215;209;217m▄[38;2;213;208;214m[48;2;208;203;221m▄[38;2;211;207;213m▄[38;2;213;208;214m▄[38;2;214;209;215m[48;2;209;202;220m▄▄[48;2;210;203;221m▄[38;2;217;210;217m[48;2;211;204;222m▄[38;2;220;213;220m[48;2;215;208;225m▄[38;2;222;214;223m[48;2;215;210;228m▄[38;2;225;217;226m[48;2;223;215;230m▗[38;2;223;216;229m[48;2;222;215;228m▌[38;2;218;211;225m[48;2;217;209;222m▌[38;2;218;211;218m[48;2;213;208;224m▄[38;2;216;211;217m[48;2;215;208;225m▄[38;2;217;212;218m[48;2;216;209;227m▄[38;2;221;214;230m[48;2;218;213;222m▝[38;2;222;215;231m[48;2;220;211;223m▀[0m
[38;2;189;192;215m[48;2;183;186;215m▄[38;2;186;189;211m[48;2;185;187;218m▄[38;2;187;190;212m[48;2;186;188;216m▖[38;2;192;193;224m[48;2;188;190;216m▝[38;2;193;194;225m[48;2;188;192;215m▀[38;2;195;196;228m[48;2;192;194;221m▀[38;2;195;196;227m▀[38;2;200;201;232m[48;2;194;196;223m▀[38;2;196;196;230m[48;2;193;195;222m▀[38;2;194;195;226m[48;2;188;192;215m▀[38;2;192;193;224m[48;2;186;189;212m▀[38;2;193;194;225m[48;2;186;189;213m▀[38;2;197;195;228m▀[38;2;202;197;231m[48;2;187;189;213m▀[38;2;205;201;234m[48;2;193;192;216m▀[38;2;209;204;238m[48;2;198;197;222m▀[38;2;210;205;239m[48;2;201;200;224m▀[38;2;209;204;238m[48;2;199;202;225m▀[38;2;207;202;236m[48;2;198;197;222m▀[38;2;208;203;237m▀[38;2;209;204;236m[48;2;199;197;222m▀[38;2;210;205;237m[48;2;196;197;224m▀[38;2;209;207;239m[48;2;197;200;223m▀[38;2;208;205;238m▀[38;2;209;207;239m[48;2;200;198;223m▀[38;2;211;207;240m[48;2;202;201;225m▀[38;2;207;202;236m[48;2;198;197;222m▀[38;2;198;198;232m[48;2;194;195;224m▘[38;2;193;194;225m[48;2;192;193;223m▌[38;2;189;193;216m[48;2;189;190;224m▄[38;2;190;192;225m[48;2;189;192;218m▝[38;2;192;194;217m[48;2;189;191;227m▄[38;2;218;207;217m[48;2;201;193;218m▟[38;2;217;195;189m[48;2;202;179;173m▌[38;2;195;176;169m[48;2;179;154;146m▄[38;2;233;220;207m[48;2;162;141;130m▟[38;2;198;178;166m[48;2;136;115;104m▌[38;2;103;95;95m[48;2;89;81;81m▌[38;2;108;96;96m[48;2;92;79;79m▐[38;2;119;110;103m[48;2;107;90;86m▄[38;2;121;112;107m[48;2;115;102;100m▟[38;2;118;110;107m[48;2;116;108;104m▌[38;2;116;108;104m[48;2;109;101;98m▄[38;2;111;103;100m[48;2;107;98;95m▟[38;2;132;124;120m[48;2;117;109;105m▝[38;2;154;146;140m[48;2;131;125;120m▜[38;2;183;168;164m[48;2;148;137;130m▝[38;2;223;214;220m[48;2;174;159;153m▀[38;2;229;221;224m[48;2;214;203;204m▜[38;2;228;221;225m[48;2;225;218;223m▘[38;2;226;217;223m[48;2;224;215;218m▀[38;2;225;216;222m[48;2;221;214;216m▘[38;2;218;212;213m[48;2;217;211;212m▌[38;2;217;211;211m[48;2;216;210;211m▗[48;2;216;209;211m▄▄[38;2;217;211;209m[48;2;216;209;210m▗[38;2;217;210;212m[48;2;218;209;212m▟[38;2;223;214;217m[48;2;220;211;214m▝[38;2;222;212;216m[48;2;217;210;211m▘[38;2;215;211;210m[48;2;216;207;210m▄[38;2;217;211;211m[48;2;214;207;209m▄▄[38;2;216;209;214m[48;2;214;207;210m▖[48;2;215;208;210m▄[38;2;218;211;214m[48;2;214;207;209m▄[38;2;216;209;211m▟[38;2;216;210;210m[48;2;217;208;211m▄[48;2;216;207;210m▄[38;2;222;212;218m[48;2;217;210;212m▝[38;2;222;212;216m[48;2;217;210;215m▀[38;2;219;212;215m[48;2;215;207;216m▀[38;2;220;213;218m[48;2;216;210;218m▀[38;2;223;216;221m[48;2;214;207;223m▀[38;2;220;213;218m[48;2;208;201;219m▀[38;2;213;208;214m[48;2;199;194;214m▀[38;2;209;203;211m[48;2;195;189;212m▀[38;2;206;200;213m[48;2;193;189;211m▀[38;2;203;196;213m[48;2;190;186;210m▀[38;2;201;193;216m[48;2;184;183;206m▀[0m
[38;2;201;201;206m[48;2;194;197;210m▄[38;2;197;197;202m[48;2;191;195;208m▄[38;2;195;195;197m[48;2;189;190;201m▄[38;2;193;193;195m[48;2;187;188;198m▄[38;2;194;194;200m[48;2;189;189;203m▟[38;2;195;197;206m[48;2;193;196;204m▐[38;2;194;199;213m[48;2;196;198;202m▀[38;2;197;201;217m[48;2;196;196;199m▀[48;2;194;195;202m▘[38;2;192;195;208m[48;2;191;192;196m▘[38;2;189;192;200m[48;2;190;190;190m▛[38;2;188;190;196m[48;2;188;190;196m [38;2;192;192;194m[48;2;188;190;199m▗[38;2;194;194;196m[48;2;187;190;203m▄[38;2;195;195;197m[48;2;188;188;202m▄[38;2;193;193;195m[48;2;189;189;203m▄[38;2;194;194;208m[48;2;193;193;199m▝[38;2;196;197;206m[48;2;194;195;203m▐[38;2;200;200;204m[48;2;194;197;211m▄[48;2;197;197;213m▄[38;2;200;200;210m[48;2;199;199;209m▌[38;2;197;197;213m[48;2;195;195;200m▀[38;2;195;195;209m[48;2;191;191;191m▀[38;2;195;193;208m[48;2;192;192;192m▀[38;2;194;194;196m[48;2;194;192;207m▄[38;2;194;194;208m[48;2;193;193;199m▝[38;2;195;195;209m[48;2;192;192;192m▀[38;2;196;196;211m[48;2;194;194;196m▀[38;2;194;197;211m[48;2;195;195;200m▀[38;2;197;199;208m[48;2;194;196;205m▐[38;2;210;200;199m[48;2;194;197;211m▄[38;2;228;212;205m[48;2;217;200;194m▐[38;2;233;210;196m[48;2;216;192;179m▌[38;2;209;186;178m[48;2;199;177;171m▀[38;2;235;223;214m[48;2;194;180;172m▗[38;2;244;222;210m[48;2;169;139;130m▛[38;2;173;141;134m[48;2;139;108;100m▌[38;2;117;108;101m[48;2;110;97;95m▄[38;2;102;95;94m[48;2;96;89;88m▞[38;2;117;110;104m[48;2;108;100;96m▜[38;2;120;113;107m[48;2;119;112;105m▖[38;2;123;116;109m[48;2;119;112;106m▄[38;2;125;118;111m[48;2;121;114;107m▄[38;2;123;116;109m[48;2;119;112;106m▄[38;2;121;114;107m[48;2;117;110;103m▄[38;2;129;122;115m[48;2;118;111;104m▝[38;2;146;140;133m[48;2;133;128;120m▚[38;2;135;123;116m[48;2;119;112;105m▀[38;2;166;150;144m[48;2;129;117;108m▀[38;2;200;191;196m[48;2;150;133;125m▀[38;2;208;204;213m[48;2;182;175;177m▀[38;2;207;201;209m[48;2;195;195;200m▀[38;2;205;201;207m[48;2;193;193;197m▀[38;2;210;205;206m[48;2;194;194;196m▀[38;2;214;205;207m[48;2;197;195;201m▀[38;2;214;206;207m[48;2;200;197;203m▀[38;2;215;209;209m[48;2;201;199;204m▀▀[38;2;209;204;210m[48;2;199;199;203m▀[38;2;208;202;210m[48;2;197;197;202m▀[38;2;209;203;211m[48;2;199;199;203m▀[38;2;208;202;213m[48;2;197;197;200m▀[38;2;209;203;211m[48;2;193;193;193m▀[38;2;205;199;212m[48;2;190;189;185m▀[38;2;208;201;217m[48;2;182;183;167m▀[38;2;211;205;218m[48;2;183;181;162m▀[38;2;210;204;217m[48;2;177;177;153m▀[38;2;208;202;210m[48;2;173;173;148m▀[38;2;205;201;204m[48;2;156;161;110m▀[38;2;206;201;204m[48;2;149;157;100m▀[38;2;205;199;209m[48;2;152;160;103m▀[38;2;201;195;205m[48;2;142;152;79m▀[38;2;203;197;210m[48;2;141;153;79m▀[38;2;197;195;200m[48;2;142;153;71m▀[38;2;189;185;179m[48;2;127;146;50m▀[38;2;177;177;154m[48;2;121;144;45m▀[38;2;168;169;136m[48;2;115;138;37m▀[38;2;167;170;146m[48;2;107;136;37m▀[38;2;151;160;122m[48;2;109;138;36m▀[38;2;143;156;96m[48;2;105;130;24m▜[0m
[38;2;210;208;209m[48;2;191;184;108m▀[38;2;205;206;203m[48;2;198;191;129m▀[38;2;201;202;200m[48;2;200;193;131m▀[38;2;206;202;174m[48;2;205;195;120m▜[38;2;201;202;197m[48;2;210;203;141m▀[38;2;199;200;195m[48;2;200;194;152m▀[38;2;195;196;189m[48;2;198;194;157m▀[38;2;194;194;185m[48;2;196;192;157m▀[38;2;196;194;176m[48;2;195;189;157m▜[38;2;204;196;165m[48;2;195;195;185m▄[38;2;201;197;177m[48;2;196;196;187m▟[38;2;202;197;176m[48;2;197;196;182m▗[38;2;208;202;185m[48;2;200;198;186m▗[38;2;210;204;188m[48;2;200;200;190m▄[48;2;201;200;194m▄[38;2;209;203;189m[48;2;205;202;191m▖[38;2;207;201;187m[48;2;202;200;190m▄[38;2;204;201;186m[48;2;201;199;189m▄[38;2;205;202;187m[48;2;203;200;189m▖[38;2;201;199;188m[48;2;200;196;179m▀[38;2;201;198;188m▀[38;2;197;195;181m[48;2;195;194;179m▌[38;2;196;194;172m[48;2;193;191;175m▄[38;2;197;194;175m[48;2;192;191;174m▄[38;2;197;194;177m[48;2;192;192;179m▄[38;2;197;194;175m[48;2;192;190;174m▄[38;2;198;195;178m▄[38;2;197;195;173m[48;2;191;192;175m▄[38;2;209;200;178m[48;2;194;194;181m▄[38;2;207;193;178m[48;2;188;161;143m▛[38;2;223;196;176m[48;2;197;170;150m▐[38;2;239;216;197m[48;2;229;206;187m▌[38;2;217;192;177m[48;2;204;179;164m▌[38;2;193;175;164m[48;2;186;167;157m▌[38;2;229;211;201m[48;2;175;157;147m▝[38;2;186;166;159m[48;2;125;105;99m▌[38;2;139;124;119m[48;2;110;91;91m▀[38;2;109;101;97m[48;2;95;85;84m▀[38;2;105;96;95m[48;2;100;91;90m▀[38;2;112;104;102m[48;2;104;96;93m▐[38;2;124;117;110m[48;2;121;114;107m▐[38;2;131;124;116m[48;2;127;120;112m▐[38;2;133;126;118m[48;2;130;123;115m▄[38;2;131;124;116m[48;2;124;117;109m▖[38;2;120;113;107m[48;2;119;112;105m▛[38;2;122;115;108m[48;2;118;111;104m▘[38;2;132;125;118m▝[38;2;126;119;113m[48;2;114;107;101m▌[38;2;114;106;102m[48;2;109;101;97m▀[38;2;127;115;106m[48;2;115;109;102m▀[38;2;142;128;117m[48;2;127;115;106m▀[38;2;173;167;153m[48;2;140;126;112m▀[38;2;174;177;147m[48;2;140;143;83m▀[38;2;166;170;133m[48;2;120;140;37m▀[38;2;161;166;124m[48;2;123;141;41m▀[38;2;157;164;111m[48;2;122;145;39m▀[38;2;157;163;106m[48;2;120;144;39m▀[38;2;154;160;98m[48;2;113;138;33m▀[38;2;149;159;92m[48;2;121;145;39m▀[38;2;138;150;82m[48;2;110;138;32m▀[38;2;140;152;82m[48;2;119;144;39m▀[38;2;139;152;75m[48;2;119;144;38m▀[38;2;137;151;68m[48;2;113;141;35m▀[38;2;133;148;59m[48;2;111;140;39m▀[38;2;123;142;44m[48;2;110;139;38m▀[38;2;123;142;42m[48;2;112;139;37m▀[38;2;122;144;43m[48;2;118;140;39m▐[38;2;123;145;44m[48;2;117;140;39m▌[38;2;115;140;40m[48;2;111;134;33m▙[38;2;118;145;45m[48;2;110;137;37m▗[38;2;111;140;39m[48;2;109;138;36m▞[38;2;117;144;41m[48;2;111;138;35m▐[38;2;116;144;39m[48;2;114;142;37m▞[38;2;120;147;45m[48;2;118;144;40m▖[38;2;118;145;45m[48;2;111;138;40m▄[38;2;112;139;39m[48;2;104;133;37m▄[38;2;109;138;40m[48;2;103;132;34m▌[38;2;109;139;40m[48;2;104;135;36m▐[38;2;111;140;40m[48;2;109;138;39m▜[38;2;146;169;58m[48;2;120;142;32m▐[0m
[38;2;177;161;54m[48;2;162;155;48m▄[38;2;183;173;58m[48;2;174;162;53m▝[38;2;195;180;53m[48;2;175;158;53m▀[38;2;199;183;52m[48;2;174;155;51m▀[38;2;199;184;55m[48;2;174;158;53m▀[38;2;178;168;55m[48;2;169;153;52m▀[38;2;184;173;60m[48;2;171;156;54m▀[38;2;189;176;60m[48;2;176;160;53m▀[38;2;182;170;61m[48;2;172;155;48m▀[38;2;184;173;63m[48;2;161;149;48m▀[38;2;191;179;71m[48;2;165;153;50m▀[38;2;185;176;72m[48;2;184;166;51m▀[38;2;184;176;76m[48;2;172;158;50m▀[38;2;188;178;81m[48;2;165;151;46m▀[38;2;197;183;88m[48;2;168;154;47m▀[38;2;197;187;93m[48;2;181;166;52m▀[38;2;197;187;97m[48;2;178;165;51m▀[38;2;196;187;106m[48;2;176;162;54m▀[38;2;188;181;108m[48;2;170;159;49m▀[38;2;197;187;106m[48;2;176;163;51m▀[38;2;204;196;107m[48;2;174;162;50m▀[38;2;196;187;108m[48;2;174;160;52m▀[38;2;191;180;108m[48;2;174;162;47m▀[38;2;189;183;114m[48;2;167;160;45m▀[38;2;187;181;121m[48;2;158;150;49m▀[38;2;179;173;111m[48;2;155;149;46m▀[38;2;189;183;123m[48;2;172;158;53m▀[38;2;208;189;137m[48;2;201;181;131m▐[38;2;210;185;161m[48;2;188;164;152m▀[38;2;183;158;142m[48;2;176;151;135m▚[38;2;229;203;184m[48;2;200;173;155m▐[38;2;238;215;199m[48;2;227;203;187m▌[38;2;212;189;174m[48;2;199;176;161m▌[38;2;184;167;155m[48;2;175;158;146m▌[38;2;164;147;139m[48;2;150;134;126m▌[38;2;155;133;130m[48;2;119;97;93m▗[38;2;170;145;138m[48;2;132;108;101m▌[38;2;103;95;94m[48;2;94;76;75m▄[38;2;94;86;84m[48;2;88;79;78m▖[38;2;121;113;108m[48;2;105;97;92m▐[38;2;131;124;116m[48;2;125;118;110m▟[38;2;147;137;129m[48;2;135;128;120m▄[38;2;147;138;127m[48;2;137;130;121m▄[38;2;137;130;120m[48;2;130;123;115m▙[38;2;129;122;113m[48;2;122;115;107m▖[38;2;115;108;101m[48;2;110;103;96m▛[38;2;116;108;104m[48;2;112;104;101m▘[38;2;111;103;100m[48;2;106;98;95m▀[38;2;116;108;104m[48;2;111;103;99m▗[38;2;121;114;107m[48;2;114;107;100m▄[38;2;131;122;114m[48;2;126;117;109m▄[38;2;135;124;111m[48;2;133;119;108m▟[38;2;151;140;125m[48;2;140;127;114m▝[38;2;146;150;95m[48;2;138;142;88m▚[38;2;118;143;41m[48;2;107;132;37m▛[38;2;116;143;40m[48;2;110;138;36m▘[38;2;117;142;40m[48;2;114;139;37m▌[38;2;118;143;41m[48;2;114;139;38m▐[38;2;118;145;45m[48;2;108;136;37m▖[38;2;113;140;42m[48;2;110;138;39m▚[38;2;118;143;42m[48;2;113;138;37m▐[38;2;112;137;37m[48;2;104;134;35m▙[38;2;118;145;41m[48;2;113;140;36m▐[38;2;117;143;39m[48;2;114;140;36m▚[38;2;122;145;44m[48;2;113;140;39m▗[38;2;116;145;43m[48;2;111;140;38m▌[38;2;115;142;41m[48;2;107;136;34m▙[38;2;117;140;41m[48;2;113;137;38m▜[38;2;123;146;47m[48;2;114;141;40m▖[38;2;106;135;38m[48;2;101;130;33m▐[38;2;109;137;40m[48;2;103;131;34m▌[38;2;108;138;40m[48;2;104;133;36m▞[38;2;111;138;38m[48;2;105;134;35m▀[38;2;115;141;42m[48;2;110;136;37m▌[38;2;112;139;40m[48;2;108;134;35m▞[38;2;111;136;38m[48;2;101;130;33m▛[38;2;111;140;41m[48;2;107;136;37m▀[38;2;112;140;38m[48;2;105;136;34m▟[38;2;113;140;38m[48;2;109;135;35m▀[38;2;111;140;36m[48;2;98;130;32m▀[0m
[38;2;167;152;53m[48;2;113;109;40m▀[38;2;145;135;47m[48;2;100;100;36m▀[38;2;141;130;45m[48;2;102;102;39m▀[38;2;148;136;46m[48;2;105;102;37m▀[38;2;138;128;43m[48;2;98;98;32m▀[38;2;138;129;45m[48;2;93;93;30m▀[38;2;140;128;45m[48;2;103;103;39m▀[38;2;139;128;45m[48;2;98;98;35m▀[38;2;142;131;44m[48;2;94;94;31m▀[38;2;131;126;45m[48;2;102;102;38m▀[38;2;119;115;40m[48;2;96;97;37m▀[38;2;144;132;42m[48;2;93;93;30m▀[38;2;146;134;44m[48;2;101;101;36m▀[38;2;128;119;40m[48;2;89;90;31m▀[38;2;135;125;44m[48;2;97;97;34m▀[38;2;139;129;44m[48;2;88;89;34m▀[38;2;134;122;42m[48;2;89;90;33m▀[38;2;133;124;45m[48;2;88;89;32m▀[38;2;136;125;42m[48;2;99;99;35m▀[38;2;145;133;46m[48;2;107;104;39m▀[38;2;145;133;48m[48;2;111;105;38m▀[38;2;136;127;47m[48;2;104;104;40m▀[38;2;133;123;42m[48;2;100;99;39m▀[38;2;141;133;47m[48;2;104;104;41m▀[38;2;148;138;51m[48;2;107;102;37m▀[38;2;153;138;52m[48;2;121;108;50m▀[38;2;209;182;139m[48;2;185;158;115m▐[38;2;203;176;160m[48;2;194;166;150m▌[38;2;183;160;146m[48;2;178;155;141m▌[38;2;182;160;145m[48;2;169;146;133m▝[38;2;212;185;169m[48;2;180;153;137m▐[38;2;238;215;200m[48;2;227;203;187m▘[38;2;212;188;176m[48;2;198;174;162m▌[38;2;185;168;155m[48;2;169;151;138m▀[38;2;166;149;138m[48;2;163;140;128m▀[38;2;218;191;175m[48;2;173;148;136m▄[38;2;194;173;161m[48;2;163;142;130m▌[38;2;140;128;119m[48;2;119;112;105m▄[38;2;123;116;109m[48;2;105;98;93m▖[48;2;113;106;99m▐[38;2;133;126;118m[48;2;130;123;114m▐[38;2;145;137;129m[48;2;140;131;123m▐[38;2;152;143;132m[48;2;146;139;129m▀[38;2;145;136;126m[48;2;134;127;117m▛[38;2;127;121;113m[48;2;117;111;102m▌[38;2;109;104;99m[48;2;107;102;96m▌[38;2;110;102;98m[48;2;107;99;95m▀[38;2;109;101;97m[48;2;103;95;92m▚[38;2;127;120;112m[48;2;115;107;104m▄[38;2;129;122;114m[48;2;123;116;109m▟[38;2;139;132;124m[48;2;133;126;118m▗[38;2;139;130;119m[48;2;139;128;118m▄[38;2;139;127;116m[48;2;136;124;113m▌[38;2;147;136;126m[48;2;139;128;118m▝[38;2;147;146;109m[48;2;136;135;98m▚[38;2;122;139;47m[48;2;117;122;54m▛[38;2;118;140;41m[48;2;112;123;47m▀[38;2;116;139;40m[48;2;107;119;45m▀[38;2;121;143;41m[48;2;111;124;49m▀[38;2;127;145;42m[48;2;113;124;48m▀[38;2;121;144;39m[48;2;114;125;46m▀[38;2;111;137;37m[48;2;110;123;46m▀[38;2;125;145;38m[48;2;111;122;46m▀[38;2;140;154;46m[48;2;118;127;48m▀[38;2;120;144;39m[48;2;112;122;42m▀[38;2;121;144;42m[48;2;118;125;45m▀[38;2;134;152;43m[48;2;119;126;44m▀[38;2;136;152;44m[48;2;124;133;48m▀[38;2;130;149;46m[48;2;130;135;49m▀[38;2;135;145;49m[48;2;130;141;44m▐[38;2;146;154;49m[48;2;146;144;51m▜[38;2;156;155;57m[48;2;132;150;41m▄[38;2;145;147;53m[48;2;126;143;41m▖[38;2;150;150;53m[48;2;128;141;40m▗[38;2;155;158;52m[48;2;149;152;45m▐[38;2;174;166;59m[48;2;159;168;46m▄[38;2;155;158;51m[48;2;147;150;43m▌[38;2;139;148;47m[48;2;135;144;43m▐[38;2;150;162;46m[48;2;147;150;46m▝[38;2;159;173;52m[48;2;154;156;50m▘[0m
[38;2;95;101;44m[48;2;79;86;33m▗[38;2;100;107;41m[48;2;81;88;35m▄[38;2;93;99;39m[48;2;79;86;36m▄[38;2;105;109;39m[48;2;74;80;33m▄[38;2;108;111;42m[48;2;71;79;31m▄[38;2;107;109;43m[48;2;66;74;28m▄[38;2;93;98;34m[48;2;73;82;31m▄[38;2;91;97;37m[48;2;70;76;29m▄[38;2;89;95;36m[48;2;72;78;31m▄[38;2;83;90;36m[48;2;68;76;30m▄[38;2;95;100;39m[48;2;69;74;29m▄[38;2;90;96;39m[48;2;74;80;33m▄[38;2;76;83;31m[48;2;69;77;29m▄[38;2;101;108;43m[48;2;71;79;31m▄[38;2;85;93;34m[48;2;69;77;30m▄[38;2;93;99;37m[48;2;69;76;33m▄[38;2;98;102;35m[48;2;66;74;28m▄[38;2;82;89;34m[48;2;64;72;26m▄[38;2;74;82;36m[48;2;66;74;28m▌[38;2;75;80;38m[48;2;65;72;31m▘[38;2;67;75;29m[48;2;63;71;25m▐[38;2;71;79;31m[48;2;67;75;29m▄[38;2;71;79;32m[48;2;66;74;28m▌[38;2;73;81;34m[48;2;69;78;31m▐[38;2;96;97;53m[48;2;71;73;27m▗[38;2;192;167;141m[48;2;118;98;67m▟[38;2;206;178;158m[48;2;201;172;155m▀[38;2;192;165;149m[48;2;180;157;142m▀[38;2;175;151;140m[48;2;163;142;130m▀[38;2;156;135;123m[48;2;147;132;118m▀[38;2;193;170;156m[48;2;166;143;129m▐[38;2;220;194;177m[48;2;213;190;175m▀[38;2;198;175;163m[48;2;184;161;149m▌[38;2;193;171;156m[48;2;178;155;144m▄[38;2;207;178;161m[48;2;198;169;152m▞[38;2;230;200;183m[48;2;193;166;149m▀[38;2;183;160;148m[48;2;149;132;124m▀[38;2;138;126;117m[48;2;118;109;101m▀[38;2;119;112;104m[48;2;103;96;89m▀[38;2;117;110;103m[48;2;110;103;95m▐[38;2;134;127;118m[48;2;127;120;111m▐[38;2;140;133;123m[48;2;136;129;118m▀[38;2;140;133;122m[48;2;134;127;117m▀[38;2;129;122;111m[48;2;120;113;102m▘[38;2;117;112;103m[48;2;112;108;98m▖[38;2;108;102;97m[48;2;101;98;92m▀[38;2;102;95;92m[48;2;99;92;89m▌[38;2;121;113;108m[48;2;104;97;91m▐[38;2;140;133;125m[48;2;132;125;117m▐[38;2;144;137;129m[48;2;138;131;122m▄[38;2;145;138;128m[48;2;138;131;123m▟[38;2;143;136;125m[48;2;138;131;121m▌[38;2;135;128;119m[48;2;130;123;115m▌[38;2;132;123;115m[48;2;125;118;110m▀[38;2;144;135;127m[48;2;136;127;119m▀[38;2;153;147;129m[48;2;140;135;117m▚[38;2;143;144;87m[48;2;112;118;51m▖[38;2;116;119;46m[48;2;109;117;44m▗[38;2;110;118;46m[48;2;106;114;42m▌[38;2;104;116;46m[48;2;102;109;40m▀[38;2;103;113;44m[48;2;101;108;39m▜[48;2;102;110;38m▜[38;2;98;110;42m[48;2;97;106;38m▀[38;2;104;111;45m[48;2;99;109;42m▖[38;2;106;114;42m[48;2;96;108;40m▄[38;2;109;117;44m[48;2;100;111;42m▄[38;2;119;126;46m[48;2;94;106;39m▄[38;2;117;124;44m[48;2;92;104;40m▄[38;2;110;118;45m[48;2;96;108;41m▄[38;2;109;117;45m[48;2;99;111;43m▄[38;2;104;113;43m[48;2;99;109;39m▚[38;2;116;123;41m[48;2;99;111;43m▄[38;2;135;140;49m[48;2;100;109;43m▄[38;2;125;130;44m[48;2;97;106;41m▄[38;2;114;121;43m[48;2;102;111;45m▄[38;2;109;119;48m[48;2;104;115;44m▞[38;2;107;116;47m[48;2;99;110;40m▘[38;2;101;114;43m[48;2;97;111;40m▚[38;2;105;116;42m[48;2;94;105;39m▄[38;2;101;110;41m[48;2;92;104;37m▄[0m
[38;2;180;168;62m[48;2;146;141;51m▄[38;2;186;173;59m[48;2;155;146;49m▄[38;2;192;177;63m[48;2;147;139;51m▄[38;2;178;166;62m[48;2;145;138;40m▟[38;2;198;182;62m[48;2;179;165;58m▄[38;2;195;179;61m[48;2;175;162;59m▄[38;2;165;154;58m[48;2;145;142;49m▄[38;2;155;149;60m[48;2;144;138;48m▐[38;2;175;164;61m[48;2;166;155;52m▚[38;2;170;157;57m[48;2;136;132;46m▄[38;2;149;141;50m[48;2;113;116;43m▄[38;2;195;179;59m[48;2;111;112;41m▄[38;2;195;179;61m[48;2;124;120;43m▄[38;2;182;168;61m[48;2;119;121;44m▄[38;2;168;155;53m[48;2;104;108;38m▄[38;2;138;134;53m[48;2;107;113;40m▄[38;2;131;131;53m[48;2;108;112;38m▗[38;2;148;144;54m[48;2;87;95;36m▄[38;2;107;109;45m[48;2;92;102;36m▄[38;2;133;135;57m[48;2;114;117;38m▐[38;2;144;139;52m[48;2;103;107;37m▄[38;2;122;124;48m[48;2;102;108;35m▟[38;2;120;125;48m[48;2;108;114;41m▘[38;2;108;108;42m[48;2;83;91;34m▄[38;2;180;160;125m[48;2;100;89;48m▟[38;2;204;175;157m[48;2;201;173;154m▐[38;2;197;172;157m[48;2;186;162;146m▌[38;2;173;152;139m[48;2;166;145;132m▌[38;2;155;141;128m[48;2;148;133;120m▌[38;2;136;123;116m[48;2;130;117;109m▌[38;2;170;155;141m[48;2;140;125;111m▐[38;2;221;195;174m[48;2;197;174;159m▄[38;2;219;189;169m[48;2;190;165;148m▖[38;2;181;157;146m[48;2;141;120;108m▀[38;2;159;136;125m[48;2;118;102;96m▀[38;2;187;164;149m[48;2;141;116;108m▄[38;2;195;166;148m[48;2;126;104;98m▄[38;2;185;158;140m[48;2;114;96;91m▄[38;2;159;137;122m[48;2;101;86;81m▄[38;2;133;118;106m[48;2;110;100;93m▄[38;2;121;113;104m[48;2;117;109;99m▞[38;2;126;119;109m[48;2;112;105;97m▀[38;2;131;125;111m[48;2;115;110;101m▀[38;2;122;117;106m[48;2;111;109;99m▀[38;2;112;109;99m[48;2;99;97;87m▀[38;2;98;95;91m[48;2;87;84;82m▘[38;2;106;100;98m[48;2;94;88;86m▐[38;2;125;118;111m[48;2;118;111;104m▐[38;2;140;133;124m[48;2;133;126;117m▐[38;2;145;138;128m[48;2;143;136;125m▀[38;2;145;138;127m[48;2;139;132;122m▛[38;2;141;134;124m[48;2;138;131;121m▚[38;2;141;134;123m[48;2;136;129;121m▄[38;2;130;123;115m[48;2;126;119;111m▖[38;2;137;130;122m[48;2;130;123;115m▗[38;2;146;138;131m[48;2;139;131;123m▐[38;2;167;160;143m[48;2;141;136;105m▙[38;2;141;134;60m[48;2;113;109;38m▄[38;2;123;119;42m[48;2;111;112;39m▖[38;2;116;114;45m[48;2;106;109;39m▄[38;2;112;116;45m[48;2;110;112;41m▘[38;2;117;119;43m[48;2;112;117;40m▄[38;2;116;118;41m[48;2;108;114;41m▄[38;2;131;131;49m[48;2;121;121;39m▐[38;2;146;139;45m[48;2;132;130;44m▄[38;2;131;129;45m[48;2;117;120;43m▄[38;2;121;124;43m[48;2;115;117;41m▀[38;2;122;124;44m[48;2;111;115;44m▀[38;2;113;120;42m[48;2;106;109;38m▀[38;2;118;122;49m[48;2;113;116;43m▌[38;2;124;128;47m[48;2;114;118;38m▐[38;2;125;129;45m[48;2;121;124;40m▌[38;2;130;133;47m[48;2;110;113;42m▀[38;2;121;126;46m[48;2;101;106;40m▀[38;2;107;115;41m[48;2;101;106;41m▀[38;2;119;121;42m[48;2;105;112;44m▄[38;2;135;134;46m[48;2;111;119;46m▄[38;2;132;131;40m[48;2;111;120;39m▄[38;2;117;124;44m[48;2;112;117;40m▛[38;2;109;115;40m[48;2;105;111;36m▐[0m
[38;2;174;163;57m[48;2;157;150;56m▄[38;2;175;166;60m[48;2;163;154;48m▞[38;2;193;178;62m[48;2;152;145;47m▀[38;2;183;172;59m[48;2;163;152;55m▄[38;2;169;158;57m[48;2;166;155;54m▐[38;2;176;164;56m[48;2;164;155;55m▄[38;2;185;171;63m[48;2;173;159;52m▞[38;2;206;187;66m[48;2;167;154;54m▀[38;2;194;178;60m[48;2;143;139;49m▀[38;2;186;170;62m[48;2;162;152;56m▀[38;2;185;170;58m[48;2;155;145;52m▀[38;2;194;178;60m[48;2;162;151;55m▀[38;2;184;170;61m[48;2;178;164;57m▄[38;2;192;176;65m[48;2;176;162;55m▗[38;2;193;181;62m[48;2;184;170;54m▖[38;2;185;175;62m[48;2;177;167;54m▚[38;2;177;165;57m[48;2;156;149;55m▄[38;2;177;166;61m[48;2;172;161;57m▞[38;2;188;175;58m[48;2;159;148;58m▄[38;2;172;161;55m[48;2;143;138;53m▄[38;2;170;161;60m[48;2;148;144;56m▄[38;2;159;149;53m[48;2;123;123;45m▄[38;2;139;134;44m[48;2;119;122;43m▄[38;2;212;194;139m[48;2;159;141;86m▐[38;2;227;196;176m[48;2;216;184;164m▌[38;2;208;177;159m[48;2;195;169;150m▀[38;2;185;165;150m[48;2;172;152;137m▌[38;2;161;146;136m[48;2;149;134;123m▌[38;2;147;134;123m[48;2;138;124;114m▚[38;2;196;176;161m[48;2;136;122;110m▟[38;2;232;221;205m[48;2;155;125;117m▀[38;2;227;205;187m[48;2;118;86;84m▀[38;2;191;166;154m[48;2;103;78;80m▀[38;2;109;93;91m[48;2;71;56;59m▘[38;2;112;96;95m[48;2;73;60;60m▝[38;2;211;186;175m[48;2;124;99;91m▀[38;2;195;161;145m[48;2;154;123;112m▗[38;2;200;170;148m[48;2;133;105;98m▄[38;2;175;152;132m[48;2;118;97;88m▄[38;2;156;136;117m[48;2;114;97;92m▄[38;2;155;135;119m[48;2;123;108;94m▟[38;2;146;130;113m[48;2;125;110;96m▙[38;2;129;118;109m[48;2;107;100;93m▄[38;2;117;110;103m[48;2;95;90;84m▖[38;2;81;77;76m[48;2;72;69;68m▀[38;2;94;91;90m[48;2;84;80;79m▐[38;2;110;102;99m[48;2;103;97;95m▀[38;2;120;113;106m[48;2;114;106;102m▀[38;2;131;124;115m[48;2;122;115;108m▀[38;2;135;128;119m[48;2;120;113;106m▀[38;2;135;128;120m[48;2;130;123;115m▀[38;2;141;134;124m[48;2;136;129;120m▐[38;2;146;139;129m[48;2;137;130;119m▀[38;2;135;128;118m[48;2;132;125;114m▀[38;2;139;132;121m[48;2;134;127;117m▜[38;2;150;144;132m[48;2;143;137;124m▐[38;2;175;169;162m[48;2;162;155;149m▐[38;2;189;180;155m[48;2;145;134;93m▙[38;2;141;129;46m[48;2;118;109;41m▝[38;2;132;125;48m[48;2;112;111;42m▀[38;2;123;119;46m[48;2;117;113;40m▐[38;2;126;121;46m[48;2;113;109;38m▛[38;2;126;121;47m[48;2;115;111;36m▌[38;2;125;121;45m[48;2;117;112;37m▐[38;2;137;127;43m[48;2;115;110;39m▀[38;2;140;132;44m[48;2;120;116;38m▀[38;2;136;132;44m[48;2;123;117;36m▀[38;2;140;133;47m[48;2;140;130;45m▛[38;2;146;136;48m[48;2;132;125;40m▗[38;2;133;129;49m[48;2;117;117;39m▙[38;2;133;127;50m[48;2;118;115;38m▟[38;2;145;137;48m[48;2;140;132;44m▚[38;2;146;135;48m[48;2;121;121;43m▄[38;2;148;140;54m[48;2;117;118;45m▄[38;2;148;140;52m[48;2;127;127;47m▄[38;2;143;135;48m[48;2;134;130;44m▄[38;2;148;141;47m[48;2;142;134;42m▝[38;2;159;150;48m[48;2;151;142;48m▀[38;2;142;137;52m[48;2;134;129;43m▌[38;2;137;133;45m[48;2;123;125;42m▄[0m
[38;2;182;170;62m[48;2;166;155;47m▌[38;2;186;178;67m[48;2;166;157;53m▗[38;2;197;182;62m[48;2;172;159;45m▟[38;2;208;196;73m[48;2;176;165;53m▘[38;2;163;153;56m[48;2;152;148;52m▄[38;2;174;164;60m[48;2;169;159;55m▞[38;2;177;165;57m[48;2;171;161;58m▀[38;2;177;166;59m[48;2;168;156;49m▚[38;2;173;164;67m[48;2;154;145;52m▖[38;2;153;150;57m[48;2;132;133;50m▀[38;2;172;163;63m[48;2;152;143;43m▐[38;2;189;176;62m[48;2;174;164;57m▖[38;2;194;179;62m[48;2;173;162;54m▗[38;2;180;169;56m[48;2;162;153;51m▄[38;2;157;155;52m[48;2;132;129;43m▄[38;2;135;139;50m[48;2;117;118;45m▄[38;2;141;143;49m[48;2;129;135;46m▀[38;2;153;152;55m[48;2;131;135;43m▝[38;2;164;158;56m[48;2;132;138;51m▀[38;2;169;163;57m[48;2;139;138;41m▜[38;2;182;169;57m[48;2;140;137;46m▀[38;2;187;176;57m[48;2;135;133;47m▀[38;2;251;242;196m[48;2;181;171;99m▗[38;2;246;224;200m[48;2;237;215;192m▌[38;2;234;200;180m[48;2;213;179;159m▌[38;2;187;159;141m[48;2;168;139;121m▌[38;2;139;123;111m[48;2;120;100;87m▛[38;2;189;174;159m[48;2;124;111;100m▗[38;2;240;219;199m[48;2;183;161;144m▟[38;2;250;233;213m[48;2;219;194;171m▄[38;2;242;219;201m[48;2;199;166;148m▄[38;2;224;196;177m[48;2;154;118;103m▄[38;2;179;156;138m[48;2;99;77;74m▄[38;2;122;104;95m[48;2;99;81;72m▞[38;2;194;176;164m[48;2;125;101;84m▗[38;2;234;217;198m[48;2;165;143;123m▟[38;2;228;205;185m[48;2;154;131;123m▀[38;2;169;148;136m[48;2;121;91;85m▀[38;2;138;117;108m[48;2;132;110;102m▚[38;2;146;122;111m[48;2;122;111;101m▄[38;2;166;147;132m[48;2;158;138;124m▐[38;2;160;144;130m[48;2;150;134;120m▌[38;2;143;132;117m[48;2;138;127;113m▖[38;2;138;130;116m[48;2;135;124;111m▄[48;2;112;105;98m▄[38;2;118;112;108m[48;2;90;86;84m▖[38;2;94;90;89m[48;2;82;78;79m▀[38;2;98;92;90m[48;2;82;79;78m▀[38;2;103;95;92m[48;2;95;87;85m▚[38;2;122;111;104m[48;2;104;96;95m▄[38;2;130;118;109m[48;2;120;113;106m▄[38;2;143;133;118m[48;2;133;123;115m▄[38;2;150;139;123m[48;2;139;130;119m▄[38;2;149;140;124m[48;2;135;128;117m▄[38;2;154;148;134m[48;2;138;133;119m▄[38;2;171;165;151m[48;2;158;152;138m▄[38;2;185;178;168m[48;2;177;170;159m▄[38;2;207;200;192m[48;2;189;182;174m▐[38;2;191;187;156m[48;2;95;92;61m▌[38;2;86;90;31m[48;2;70;77;27m▀[38;2;90;91;34m[48;2;68;74;28m▀[38;2;86;88;33m[48;2;66;71;29m▀[38;2;90;91;32m[48;2;67;73;27m▀[38;2;112;111;41m[48;2;78;85;34m▀[38;2;104;104;40m[48;2;78;85;35m▀[38;2;102;102;38m[48;2;89;95;38m▀[38;2;101;99;34m[48;2;85;88;32m▀[38;2;117;111;47m[48;2;91;92;34m▘[38;2;125;119;51m[48;2;102;102;41m▝[38;2;122;116;45m[48;2;99;100;40m▀[38;2;131;124;48m[48;2;100;100;36m▀[38;2;139;129;44m[48;2;107;104;39m▀[38;2;141;129;49m[48;2;112;107;45m▀[38;2;143;132;51m[48;2;114;110;42m▀[38;2;140;128;48m[48;2;108;106;38m▀[38;2;141;129;47m[48;2;110;106;38m▀[38;2;141;130;45m[48;2;112;108;39m▀[38;2;129;122;45m[48;2;107;106;37m▀[38;2;131;124;47m[48;2;114;109;40m▀[38;2;135;127;46m[48;2;119;115;38m▜[0m
[38;2;141;140;49m[48;2;128;129;44m▄[38;2;143;141;51m[48;2;138;135;45m▐[38;2;179;166;60m[48;2;169;155;50m▐[38;2;206;186;60m[48;2;187;171;53m▀[38;2;220;198;59m[48;2;192;174;51m▀[38;2;190;174;60m[48;2;169;154;40m▌[38;2;187;172;58m[48;2;168;156;55m▄[38;2;181;168;66m[48;2;158;148;49m▖[38;2;155;149;55m[48;2;149;143;50m▞[38;2;160;153;57m[48;2;150;143;48m▚[38;2;201;185;62m[48;2;173;162;56m▄[38;2;196;183;69m[48;2;174;162;55m▖[38;2;169;161;57m[48;2;149;146;47m▄[38;2;181;174;67m[48;2;155;150;48m▖[38;2;153;152;58m[48;2;141;140;45m▌[38;2;120;127;49m[48;2;115;122;44m▌[38;2;130;135;50m[48;2;118;123;37m▐[38;2;171;164;56m[48;2;154;150;51m▄[38;2;156;152;53m[48;2;136;139;49m▄[38;2;159;156;54m[48;2;135;137;49m▄[38;2;169;161;57m[48;2;146;144;50m▄[38;2;203;198;105m[48;2;167;161;68m▐[38;2;252;248;228m[48;2;242;236;216m▌[38;2;239;217;196m[48;2;235;212;192m▌[38;2;230;196;176m[48;2;216;183;162m▌[38;2;207;175;154m[48;2;192;162;142m▄[38;2;215;198;181m[48;2;162;140;120m▄[38;2;253;242;222m[48;2;223;209;190m▞[38;2;223;197;177m[48;2;198;171;151m▌[38;2;167;139;127m[48;2;144;110;94m▛[38;2;166;143;135m[48;2;101;76;74m▀[38;2;190;169;157m[48;2;92;75;74m▀[38;2;176;162;148m[48;2;123;106;102m▀[38;2;112;102;99m[48;2;86;75;72m▌[38;2;192;173;168m[48;2;81;67;67m▝[38;2;169;152;141m[48;2;94;78;74m▀[38;2;215;191;180m[48;2;125;95;87m▄[38;2;220;193;176m[48;2;202;175;157m▞[38;2;189;166;148m[48;2;162;145;131m▀[38;2;165;150;134m[48;2;152;137;122m▘[38;2;143;132;117m[48;2;139;129;116m▘[38;2;145;137;123m[48;2;144;133;121m▄[38;2;140;134;120m[48;2;138;132;118m▄[38;2;140;134;118m[48;2;138;132;116m▄[38;2;140;135;118m[48;2;139;133;119m▄[38;2;142;135;121m[48;2;127;120;110m▙[38;2;116;109;101m[48;2;92;86;84m▄[38;2;130;116;105m[48;2;106;97;90m▄[38;2;142;127;112m[48;2;129;115;104m▄[38;2;147;132;117m[48;2;139;124;110m▄[38;2;144;133;118m[48;2;142;128;114m▄[38;2;143;134;118m[48;2;140;130;115m▟[38;2;147;139;122m[48;2;145;137;120m▀[38;2;151;145;127m[48;2;147;142;124m▝[38;2;165;159;142m[48;2;154;149;131m▐[38;2;185;180;163m[48;2;176;170;153m▐[38;2;196;189;175m[48;2;192;185;171m▐[38;2;221;214;205m[48;2;203;196;187m▐[38;2;209;209;173m[48;2;103;103;67m▌[38;2;79;87;31m[48;2;70;77;25m▙[38;2;72;81;27m[48;2;68;76;28m▄[38;2;83;93;39m[48;2;71;79;29m▗[38;2;74;83;32m[48;2;65;72;31m▄[38;2;74;83;35m[48;2;64;71;30m▄[38;2;75;83;35m[48;2;66;74;27m▖[38;2;68;79;30m[48;2;68;75;29m▗[38;2;71;80;29m[48;2;70;79;31m▄[38;2;72;81;34m[48;2;68;76;28m▀[38;2;78;87;37m[48;2;72;81;31m▐[38;2;81;89;41m[48;2;71;81;31m▘[38;2;70;77;32m[48;2;62;70;25m▐[38;2;79;86;36m[48;2;68;76;29m▀[38;2;78;85;35m[48;2;70;79;28m▀[38;2;84;88;33m[48;2;75;84;33m▀[38;2;86;90;36m[48;2;72;80;32m▀[38;2;83;88;35m[48;2;71;79;31m▀[38;2;77;82;32m[48;2;65;74;27m▀[38;2;85;88;34m[48;2;67;75;27m▀[38;2;96;98;35m[48;2;71;78;28m▀[38;2;97;97;34m[48;2;69;75;28m▀[0m
[38;2;164;157;61m[48;2;148;145;51m▖[38;2;151;148;49m[48;2;118;123;43m▀[38;2;153;150;47m[48;2;133;134;49m▀[38;2;158;151;50m[48;2;143;139;40m▜[38;2;182;175;59m[48;2;166;158;49m▄[38;2;156;151;54m[48;2;131;130;41m▛[38;2;171;164;56m[48;2;155;148;40m▐[38;2;209;195;59m[48;2;177;165;57m▄[38;2;212;195;60m[48;2;153;146;52m▄[38;2;189;178;68m[48;2;160;151;51m▖[38;2;176;169;55m▀[38;2;148;146;56m[48;2;130;129;39m▌[38;2;159;156;57m[48;2;128;131;48m▀[38;2;160;159;61m[48;2;143;142;45m▌[38;2;141;140;51m[48;2;126;127;42m▟[38;2;176;168;58m[48;2;149;148;50m▀[38;2;169;164;62m[48;2;149;146;47m▘[38;2;168;160;56m[48;2;119;124;43m▄[38;2;162;159;62m[48;2;132;133;48m▖[38;2;146;145;54m[48;2;130;132;46m▝[38;2;184;177;58m[48;2;136;137;52m▀[38;2;225;218;151m[48;2;163;156;89m▐[38;2;249;233;219m[48;2;230;212;199m▌[38;2;232;202;184m[48;2;230;200;182m▌[38;2;231;198;178m[48;2;225;192;172m▌[38;2;227;198;181m[48;2;220;188;167m▄[38;2;250;245;236m[48;2;229;219;211m▟[38;2;241;226;211m[48;2;222;201;189m▀[38;2;250;228;209m[48;2;216;193;182m▀[38;2;233;205;185m[48;2;200;177;166m▀[38;2;187;168;154m[48;2;158;136;120m▙[38;2;159;149;133m[48;2;103;88;82m▄[38;2;111;102;94m[48;2;77;61;60m▄[38;2;93;80;76m[48;2;77;69;68m▛[38;2;78;74;73m[48;2;67;62;63m▄[38;2;128;119;116m[48;2;80;71;67m▐[38;2;235;220;206m[48;2;161;146;138m▀[38;2;165;141;126m[48;2;132;115;104m▀[38;2;118;102;94m[48;2;92;87;82m▀[38;2;113;101;95m[48;2;87;83;82m▀[38;2;134;112;109m[48;2;108;91;90m▜[38;2;150;126;116m[48;2;144;120;112m▀[38;2;139;125;113m[48;2;134;117;106m▀[38;2;136;130;116m[48;2;132;117;109m▀[38;2;139;131;117m[48;2;134;125;114m▀[38;2;141;136;119m[48;2;138;132;116m▘[38;2;129;122;113m[48;2;121;114;105m▌[38;2;128;118;110m[48;2;124;114;106m▐[38;2;141;130;117m[48;2;135;124;111m▐[38;2;141;132;117m[48;2;139;131;115m▌[38;2;138;130;116m[48;2;132;126;112m▀[38;2;143;137;120m[48;2;139;131;115m▗[48;2;140;134;118m▟[38;2;146;141;123m[48;2;143;137;119m▐[38;2;167;162;140m[48;2;154;150;127m▐[38;2;188;182;163m[48;2;180;174;155m▐[38;2;215;207;189m[48;2;199;191;174m▐[38;2;228;225;210m[48;2;211;204;194m▟[38;2;157;162;108m[48;2;95;100;46m▌[38;2;83;95;35m[48;2;80;92;32m▌[38;2;91;104;45m[48;2;77;87;32m▗[38;2;84;97;35m[48;2;79;89;33m▄[38;2;83;96;34m[48;2;74;86;29m▄[38;2;83;96;32m[48;2;77;86;30m▄[38;2;77;90;30m[48;2;62;74;19m▙[38;2;83;96;37m[48;2;73;88;33m▗[38;2;82;95;35m[48;2;69;80;28m▄[38;2;69;81;26m[48;2;67;79;24m▄[38;2;71;84;30m[48;2;67;80;26m▐[38;2;80;92;37m[48;2;71;83;28m▐[38;2;79;91;33m[48;2;70;82;29m▄[38;2;70;83;30m[48;2;67;79;27m▐[38;2;69;82;28m[48;2;67;80;26m▞[38;2;78;89;36m[48;2;75;86;33m▐[38;2;78;91;31m[48;2;69;77;30m▄[38;2;84;95;37m[48;2;67;76;24m▖[38;2;79;90;31m[48;2;69;77;29m▄[38;2;76;86;28m[48;2;65;74;21m▄[38;2;74;84;28m[48;2;62;72;20m▙[38;2;77;86;35m[48;2;67;78;30m▄[0m
[38;2;159;151;60m[48;2;152;147;53m▗[38;2;167;160;62m[48;2;109;115;43m▄[38;2;151;146;54m[48;2;120;125;46m▄[38;2;149;145;56m[48;2;137;133;44m▐[38;2;182;169;58m[48;2;142;140;49m▄[38;2;179;166;54m[48;2;136;134;47m▄[38;2;152;145;51m[48;2;108;112;36m▄[38;2;153;152;63m[48;2;123;126;43m▝[38;2;155;147;43m[48;2;125;128;44m▀[38;2;172;164;60m[48;2;156;149;45m▚[38;2;174;163;55m[48;2;173;161;53m▌[38;2;151;150;61m[48;2;124;123;33m▌[38;2;120;125;50m[48;2;111;119;46m▟[38;2;122;130;43m[48;2;99;108;39m▀[38;2;129;134;49m[48;2;118;123;39m▐[38;2;144;143;52m[48;2;117;122;43m▄[38;2;159;156;60m[48;2;135;137;47m▄[38;2;140;143;53m[48;2;129;129;43m▘[38;2;123;126;47m[48;2;113;118;39m▙[38;2;151;144;50m[48;2;120;122;43m▄[38;2;187;174;57m[48;2;148;147;50m▄[38;2;215;200;131m[48;2;167;152;83m▐[38;2;226;198;188m[48;2;213;186;172m▀[38;2;234;207;194m[48;2;228;200;187m▐[38;2;238;211;195m[48;2;233;204;187m▄[38;2;227;199;182m[48;2;210;181;164m▛[38;2;234;213;202m[48;2;205;177;167m▀[38;2;187;159;150m[48;2;153;128;120m▀[38;2;144;116;109m[48;2;116;92;89m▀[38;2;122;96;92m[48;2;103;78;76m▀[38;2;127;105;99m[48;2;96;72;69m▀[38;2;152;137;125m[48;2;103;84;80m▀[38;2;127;120;112m[48;2;92;86;80m▘[38;2;92;88;82m[48;2;82;79;75m▄[38;2;92;89;85m[48;2;87;83;80m▄[38;2;97;94;88m[48;2;91;88;84m▄[38;2;105;101;95m[48;2;98;90;86m▄[38;2;103;100;94m[48;2;99;94;89m▄[38;2;106;102;96m[48;2;100;96;90m▄[38;2;113;108;100m▄[38;2;113;109;101m[48;2;101;98;92m▄[38;2;132;120;113m[48;2;123;111;104m▐[38;2;140;122;115m[48;2;139;119;111m▖[38;2;133;114;108m[48;2;130;111;104m▌[38;2;130;118;109m[48;2;126;115;105m▐[38;2;138;132;117m[48;2;132;127;111m▐[38;2;139;133;117m[48;2;135;130;113m▌[38;2;136;130;116m[48;2;132;126;112m▗[38;2;139;133;119m[48;2;136;130;115m▝[38;2;139;133;117m[48;2;137;131;115m▀[38;2;143;137;119m[48;2;138;132;116m▗[38;2;145;139;123m[48;2;141;135;118m▝[38;2;145;139;122m[48;2;140;135;118m▀[38;2;152;147;126m[48;2;146;142;121m▐[38;2;163;158;133m[48;2;156;152;127m▐[38;2;186;181;155m[48;2;171;167;141m▝[38;2;228;223;202m[48;2;202;197;176m▐[38;2;236;238;220m[48;2;197;201;180m▛[38;2;126;138;72m[48;2;95;105;41m▘[38;2;96;110;42m[48;2;88;101;35m▘[38;2;96;108;41m[48;2;86;99;37m▗[38;2;124;133;51m[48;2;89;101;34m▄[38;2;130;137;44m[48;2;101;110;41m▄[38;2;127;137;42m[48;2;96;106;34m▄[38;2;128;138;46m[48;2;100;111;37m▄[38;2;127;135;46m[48;2;106;114;39m▄[38;2;123;131;46m[48;2;106;116;44m▄[38;2;112;124;45m[48;2;95;106;39m▄[38;2;96;108;40m[48;2;83;96;34m▄[38;2;80;92;33m[48;2;75;88;28m▚[38;2;91;103;35m[48;2;82;95;31m▄[38;2;95;104;38m[48;2;80;93;29m▄[38;2;95;107;39m[48;2;81;93;28m▖[38;2;89;100;39m[48;2;70;82;21m▌[38;2;82;97;34m[48;2;77;92;29m▐[38;2;84;97;30m[48;2;79;91;24m▌[38;2;89;103;36m[48;2;82;96;28m▚[38;2;84;97;34m[48;2;76;89;26m▐[38;2;91;103;36m[48;2;80;92;25m▐[38;2;90;102;38m[48;2;85;96;32m▌[0m
[38;2;152;147;55m[48;2;145;143;57m▀[38;2;167;158;64m[48;2;157;148;62m▀[38;2;194;180;75m[48;2;168;156;57m▗[38;2;217;198;70m[48;2;192;173;52m▟[38;2;242;231;75m[48;2;220;210;67m▀[38;2;236;222;72m[48;2;196;182;61m▀[38;2;202;187;70m[48;2;174;158;56m▘[38;2;162;152;59m[48;2;137;135;49m▄[38;2;142;139;53m[48;2;124;126;47m▄[38;2;161;154;56m[48;2;122;125;44m▀[38;2;180;168;60m[48;2;135;136;53m▀[38;2;184;173;64m[48;2;152;145;35m▜[38;2;210;198;64m[48;2;183;172;57m▄[38;2;178;171;76m[48;2;141;136;48m▖[38;2;155;151;59m[48;2;131;133;49m▗[38;2;174;159;58m[48;2;143;140;52m▄[38;2;195;182;68m[48;2;172;161;55m▀[38;2;206;194;68m[48;2;151;151;54m▀[38;2;182;169;57m[48;2;138;137;46m▀[38;2;183;172;62m[48;2;164;155;53m▘[38;2;154;147;49m[48;2;141;138;45m▄[38;2;164;156;56m[48;2;142;137;47m▄[38;2;181;164;115m[48;2;155;148;54m▀[38;2;211;189;172m[48;2;162;145;115m▜[38;2;231;204;188m[48;2;215;191;181m▀[38;2;222;195;179m[48;2;204;179;167m▘[38;2;190;170;159m[48;2;169;150;139m▌[38;2;140;125;120m[48;2;123;108;103m▌[38;2;109;96;92m[48;2;103;89;85m▌[38;2;97;88;81m[48;2;100;82;78m▖[38;2;102;86;80m[48;2;79;73;71m▀[38;2;87;82;80m[48;2;77;72;71m▚[38;2;96;92;89m[48;2;89;86;82m▟[38;2;100;96;90m[48;2;97;94;88m▄▄[38;2;104;101;95m[48;2;100;96;90m▟[38;2;109;106;98m[48;2;107;103;96m▐[38;2;107;103;97m[48;2;105;102;96m▙[38;2;111;109;99m[48;2;107;104;95m▟[38;2;123;116;108m[48;2;118;111;103m▐[48;2;122;115;107m▄[38;2;119;112;104m[48;2;116;109;102m▄[38;2;116;109;102m[48;2;112;105;98m▌[38;2;119;107;101m[48;2;97;93;90m▀[38;2;126;117;106m[48;2;101;95;91m▀[38;2;131;126;112m[48;2;120;113;105m▀[38;2;136;131;116m[48;2;134;130;114m▚[38;2;141;136;119m[48;2;135;131;114m▗[38;2;142;137;119m[48;2;138;132;116m▄[38;2;138;132;116m[48;2;137;131;115m▄[38;2;143;137;119m[48;2;139;133;117m▗[38;2;143;137;120m[48;2;140;135;118m▌[38;2;137;131;115m[48;2;135;129;112m▄[38;2;144;138;121m[48;2;140;134;117m▐[38;2;152;147;128m[48;2;148;143;124m▐[38;2;162;155;131m[48;2;148;144;123m▜[38;2;220;216;193m[48;2;187;183;160m▐[38;2;211;218;161m[48;2;133;140;83m▌[38;2;111;121;42m[48;2;102;112;33m▌[38;2;106;116;40m[48;2;94;106;38m▄[38;2;115;125;42m[48;2;97;108;34m▄[38;2;119;129;47m[48;2;111;122;43m▀[38;2;118;127;45m[48;2;112;121;39m▌[38;2;113;124;41m[48;2;108;118;35m▞[38;2;119;130;45m[48;2;116;125;41m▞[38;2;115;124;45m[48;2;110;120;45m▛[38;2;124;133;51m[48;2;106;117;41m▘[38;2;106;117;44m[48;2;87;101;32m▛[38;2;100;111;41m[48;2;88;102;34m▀[38;2;88;100;35m[48;2;85;97;32m▐[38;2;95;107;41m[48;2;86;99;32m▐[38;2;103;116;43m[48;2;93;104;37m▄[38;2;109;119;46m[48;2;92;103;36m▄[48;2;96;108;40m▄[38;2;96;105;37m[48;2;86;97;31m▙[38;2;99;108;39m[48;2;81;92;29m▄[38;2;95;107;39m[48;2;88;100;33m▖[38;2;89;101;35m[48;2;83;94;31m▄[38;2;87;101;33m[48;2;74;86;19m▟[38;2;96;110;41m[48;2;86;99;32m▗[0m
[38;2;168;159;59m[48;2;144;140;56m▄[38;2;218;201;73m[48;2;181;166;68m▄[38;2;221;204;63m[48;2;211;193;70m▄[38;2;223;205;69m[48;2;214;195;63m▙[38;2;195;181;65m[48;2;181;166;50m▌[38;2;179;167;65m[48;2;173;161;60m▌[38;2;206;188;66m[48;2;171;162;58m▀[38;2;197;178;57m[48;2;157;149;49m▀[38;2;171;164;68m[48;2;152;149;53m▘[38;2;148;146;58m[48;2;134;135;52m▄[38;2;149;148;60m[48;2;147;145;56m▄[38;2;149;148;58m[48;2;145;143;53m▌[38;2;152;151;60m[48;2;135;133;49m▄[38;2;141;143;54m[48;2;127;130;50m▄[38;2;183;178;76m[48;2;130;131;44m▝[38;2;209;194;64m[48;2;144;143;50m▀[38;2;189;176;62m[48;2;158;152;50m▀[38;2;171;165;63m[48;2;154;147;51m▗[38;2;164;156;56m[48;2;135;135;56m▄[38;2;147;145;54m[48;2;122;127;50m▄[38;2;156;152;61m[48;2;140;137;45m▐[38;2;187;175;67m[48;2;176;164;59m▖[38;2;168;160;60m[48;2;152;144;43m▌[38;2;182;169;87m[48;2;162;151;59m▝[38;2;190;171;148m[48;2;146;142;64m▀[38;2;170;153;145m[48;2;140;129;96m▀[38;2;140;131;124m[48;2;114;99;93m▀[38;2;116;110;108m[48;2;95;88;84m▘[38;2;82;79;77m[48;2;79;74;74m▘[38;2;79;73;73m[48;2;74;71;69m▄[38;2;85;79;79m[48;2;74;71;70m▄[38;2;93;88;86m[48;2;87;83;82m▟[38;2;100;95;92m[48;2;96;92;89m▐[38;2;104;98;94m[48;2;102;96;91m▐[38;2;104;97;94m[48;2;104;97;94m [38;2;108;100;96m[48;2;107;98;95m▝[38;2;109;102;98m[48;2;108;101;96m▐[38;2;110;107;101m[48;2;108;104;99m▗[38;2;112;109;102m[48;2;111;108;101m▐[38;2;120;113;107m[48;2;116;110;102m▝[38;2;120;113;105m[48;2;117;110;103m▀[38;2;119;112;104m[48;2;118;111;104m▀[38;2;114;109;101m[48;2;109;104;96m▌[38;2;103;100;94m[48;2;99;95;89m▌[38;2;96;93;89m[48;2;88;85;81m▄[38;2;89;86;84m[48;2;83;80;79m▞[38;2;111;106;97m[48;2;79;74;75m▀[38;2;130;124;110m[48;2;89;85;82m▀[38;2;139;134;116m[48;2;107;103;95m▀[38;2;142;137;119m[48;2;118;114;102m▀[38;2;144;138;120m[48;2;125;119;105m▀[38;2;142;136;118m[48;2;125;118;108m▀[38;2;143;137;119m[48;2;129;125;110m▀[38;2;146;140;123m[48;2;122;118;106m▀[38;2;144;138;122m[48;2;120;116;108m▀[38;2;165;160;151m[48;2;144;140;131m▀[38;2;180;175;155m[48;2;166;161;141m▚[38;2;136;143;71m[48;2;107;114;42m▌[38;2;110;121;42m[48;2;102;115;40m▀[38;2;112;123;47m[48;2;102;113;43m▀[38;2;128;134;50m[48;2;100;109;40m▀[38;2;128;136;47m[48;2;106;116;43m▀[38;2;129;137;48m[48;2;109;119;46m▀[38;2;117;127;41m[48;2;97;110;36m▀[38;2;121;131;48m[48;2;105;115;43m▀[38;2;114;125;51m[48;2;104;114;40m▐[38;2;109;120;44m[48;2;102;115;40m▄[38;2;107;117;44m[48;2;98;109;42m▄[38;2;105;118;45m[48;2;95;108;39m▗[38;2;107;119;40m[48;2;87;101;34m▄[38;2;106;119;42m[48;2;96;109;35m▟[38;2;106;118;44m[48;2;98;109;39m▀[38;2;104;114;41m[48;2;83;100;34m▀[38;2;100;111;41m[48;2;75;93;32m▀[38;2;90;102;36m[48;2;70;87;28m▀[38;2;98;109;39m[48;2;80;96;35m▀[38;2;88;105;37m[48;2;88;102;34m▖[38;2;100;111;41m[48;2;96;110;39m▀[38;2;103;116;42m[48;2;90;103;29m▌[38;2;94;108;38m[48;2;91;105;35m▌[0m
[38;2;153;152;55m[48;2;131;134;55m▀[38;2;145;143;50m[48;2;122;124;45m▀[38;2;135;134;53m[48;2;125;124;35m▙[38;2;145;142;60m[48;2;133;130;48m▐[38;2;135;136;50m[48;2;129;130;45m▌[38;2;156;152;57m[48;2;136;137;52m▄[38;2;160;152;52m[48;2;150;145;58m▄[38;2;189;175;67m[48;2;156;148;59m▄[38;2;182;168;61m[48;2;145;142;56m▄[38;2;159;152;58m[48;2;149;145;56m▖[38;2;162;155;57m[48;2;146;144;51m▀[38;2;168;159;59m[48;2;154;149;57m▄[38;2;176;166;63m[48;2;134;135;50m▄[38;2;166;156;60m[48;2;128;128;49m▄[38;2;169;160;65m[48;2;132;129;48m▄[38;2;157;154;57m[48;2;133;131;43m▄[38;2;159;158;61m[48;2;146;143;47m▖[38;2;146;144;54m[48;2;138;136;47m▛[38;2;147;145;55m[48;2;132;130;41m▚[38;2;182;169;57m[48;2;149;144;52m▄[38;2;186;171;54m[48;2;162;153;56m▄[38;2;175;167;58m[48;2;169;160;51m▌[38;2;162;153;52m[48;2;146;142;47m▀[38;2;150;148;60m[48;2;146;144;52m▘[38;2;156;142;77m[48;2;120;123;50m▄[38;2;162;138;114m[48;2;142;119;95m▌[38;2;135;112;100m[48;2;121;101;91m▄[38;2;123;106;95m[48;2;105;90;82m▄[38;2;117;102;94m[48;2;92;82;78m▄[38;2;115;103;96m[48;2;89;81;80m▄[38;2;115;105;97m[48;2;95;87;85m▄[38;2;112;103;95m[48;2;99;91;88m▄[38;2;110;103;96m[48;2;102;94;93m▄[38;2;109;101;97m[48;2;104;96;93m▄[38;2;108;100;96m[48;2;106;97;94m▞[38;2;109;101;97m▗[38;2;110;102;99m[48;2;105;97;94m▄[38;2;111;103;100m[48;2;107;101;96m▄[38;2;115;107;103m[48;2;109;103;99m▄[38;2;114;107;103m[48;2;112;107;102m▟[38;2;115;110;102m[48;2;115;107;103m▀[38;2;115;108;101m[48;2;112;104;101m▀[48;2;111;104;97m▘[38;2;111;104;97m[48;2;105;99;94m▄[38;2;108;101;94m[48;2;98;92;87m▄[38;2;102;94;90m[48;2;92;87;85m▖[38;2;88;85;83m[48;2;81;76;77m▄[38;2;86;82;81m[48;2;74;70;71m▄[38;2;83;80;79m[48;2;69;65;66m▄[38;2;85;81;80m[48;2;73;68;69m▄[38;2;86;82;81m[48;2;74;69;71m▄[38;2;89;85;84m[48;2;79;74;75m▄[38;2;91;88;84m[48;2;86;82;81m▄[38;2;107;104;98m[48;2;99;95;90m▐[38;2;125;122;113m[48;2;115;113;103m▐[38;2;143;139;128m[48;2;135;131;120m▐[38;2;167;160;152m[48;2;157;150;142m▐[38;2;165;165;125m[48;2;136;135;96m▌[38;2;117;124;46m[48;2;92;103;28m▖[38;2;97;108;39m[48;2;87;99;29m▌[38;2;92;104;38m[48;2;82;95;31m▙[38;2;106;117;49m[48;2;97;107;39m▐[38;2;100;110;38m[48;2;91;100;31m▀[38;2;112;122;48m[48;2;107;117;43m▚[38;2;99;108;41m[48;2;90;99;31m▌[38;2;109;117;44m[48;2;90;102;35m▀[38;2;116;124;48m[48;2;97;107;37m▘[38;2;103;114;42m[48;2;96;105;39m▀[38;2;107;117;42m[48;2;104;113;39m▐[38;2;114;121;43m[48;2;101;109;33m▙[38;2;123;127;48m[48;2;105;115;42m▄[38;2;109;117;41m[48;2;100;110;40m▖[38;2;107;115;39m[48;2;94;106;39m▄[38;2;117;124;44m[48;2;93;102;36m▄[38;2;107;115;43m[48;2;86;97;36m▄[38;2;95;104;39m[48;2;78;90;33m▄[38;2;97;109;42m[48;2;81;99;36m▄[38;2;85;101;36m[48;2;84;97;33m▀[38;2;95;109;38m[48;2;90;104;35m▛[38;2;101;115;44m[48;2;88;101;35m▝[0m
[38;2;148;150;65m[48;2;128;135;54m▝[38;2;148;146;58m[48;2;125;127;47m▜[38;2;153;151;60m[48;2;139;138;53m▝[38;2;146;144;53m[48;2;127;129;49m▀[38;2;146;145;58m[48;2;132;134;54m▜[38;2;164;159;69m[48;2;151;147;57m▗[38;2;191;173;63m[48;2;136;132;48m▄[38;2;204;187;64m[48;2;164;154;60m▄[38;2;167;159;61m[48;2;149;141;43m▌[38;2;149;145;55m[48;2;121;126;52m▀[38;2;137;138;51m[48;2;112;120;47m▀[38;2;140;137;51m[48;2;103;106;48m▀[38;2;142;141;48m[48;2;103;113;41m▀[38;2;134;138;49m[48;2;100;110;41m▀[38;2;142;142;57m[48;2;111;116;37m▜[38;2;150;147;54m[48;2;141;139;50m▗[38;2;156;149;57m[48;2;125;123;39m▙[38;2;158;151;57m[48;2;127;127;48m▄[38;2;158;155;59m[48;2;148;146;55m▄[38;2;159;152;56m[48;2;137;135;46m▄[38;2;140;138;52m[48;2;121;123;43m▄[38;2;130;133;49m[48;2;117;121;41m▄[38;2;149;148;58m[48;2;136;135;45m▐[38;2;190;174;60m[48;2;166;157;64m▀[38;2;205;179;121m[48;2;197;171;129m▛[38;2;178;147;130m[48;2;162;133;116m▙[38;2;174;149;128m[48;2;152;130;113m▄[38;2;170;146;126m[48;2;147;125;110m▄[38;2;164;142;127m[48;2;143;125;111m▄[38;2;159;138;125m[48;2;139;124;110m▄[38;2;149;134;120m[48;2;135;121;109m▄[38;2;141;127;113m[48;2;128;118;105m▄[38;2;133;122;112m[48;2;123;114;103m▄[38;2;129;120;111m[48;2;116;109;102m▄[38;2;126;117;109m[48;2;113;107;100m▄[38;2;133;121;112m[48;2;117;110;103m▄[38;2;137;126;113m[48;2;123;116;108m▄[38;2;136;124;115m[48;2;125;118;110m▄[48;2;124;117;109m▄▄[48;2;123;116;108m▄[38;2;131;121;111m[48;2;120;113;105m▄[38;2;128;118;110m[48;2;118;111;103m▄[38;2;124;114;106m[48;2;117;110;102m▄[38;2;119;112;104m[48;2;114;108;101m▄[38;2;115;108;101m[48;2;107;100;93m▄[38;2;112;106;99m[48;2;100;94;89m▄[38;2;111;107;99m[48;2;98;95;89m▄[38;2;106;104;95m[48;2;94;90;85m▄[38;2;109;107;97m[48;2;96;93;87m▄[38;2;111;109;100m[48;2;100;96;90m▄[38;2;115;110;101m[48;2;103;101;91m▄[38;2;113;109;101m[48;2;102;99;90m▄[38;2;115;113;103m[48;2;105;103;94m▟[38;2;131;128;115m[48;2;123;121;108m▐[38;2;149;144;131m[48;2;138;132;119m▐[38;2;171;164;152m[48;2;160;153;141m▐[38;2;185;178;169m[48;2;178;170;154m▄[38;2;187;182;113m[48;2;150;146;77m▌[38;2;126;131;51m[48;2;105;111;29m▌[38;2;114;122;46m[48;2;105;113;39m▄[38;2;137;142;62m[48;2;115;120;40m▐[38;2;152;157;66m[48;2;136;137;48m▖[38;2;144;142;48m[48;2;140;138;45m▚[38;2;152;148;56m[48;2;127;129;49m▄[38;2;144;143;50m[48;2;111;117;42m▄[38;2;124;129;49m[48;2;106;114;42m▄[38;2;131;132;47m[48;2;109;115;43m▄[38;2;126;129;45m[48;2;110;116;41m▄[38;2;122;124;44m[48;2;109;116;38m▄[38;2;119;126;49m[48;2;111;117;41m▌[38;2;92;100;31m[48;2;88;96;28m▚[38;2;109;114;42m[48;2;96;106;37m▄[38;2;120;125;45m[48;2;99;108;42m▄[38;2;140;139;43m[48;2;95;102;34m▄[38;2;162;156;54m[48;2;109;115;43m▄[38;2;139;135;49m[48;2;106;113;44m▄[38;2;128;129;42m[48;2;96;105;36m▄[38;2;120;124;40m[48;2;94;103;34m▄[38;2;128;132;46m[48;2;96;105;36m▄[0m