[38;2;155;180;179m[48;2;92;118;116m▐[38;2;161;183;201m[48;2;92;114;132m▌[38;2;58;74;82m[48;2;51;67;75m▌[38;2;64;79;80m[48;2;55;70;71m▐[38;2;69;83;81m[48;2;59;75;71m▗[38;2;143;170;140m[48;2;87;113;83m▐[38;2;176;197;135m[48;2;116;137;89m▄[38;2;121;161;116m[48;2;86;133;107m▀[38;2;96;140;113m[48;2;61;105;78m▌[38;2;74;124;93m[48;2;70;107;76m▄[38;2;75;116;85m[48;2;57;90;69m▄[38;2;90;130;105m[48;2;55;90;76m▄[38;2;95;134;113m[48;2;81;117;94m▟[38;2;152;147;112m[48;2;88;86;59m▜[38;2;207;145;104m[48;2;195;133;92m▐[38;2;189;125;90m[48;2;173;110;77m▖[38;2;191;125;92m[48;2;187;121;88m▚[38;2;220;158;107m[48;2;196;128;89m▄[38;2;210;139;99m[48;2;203;136;93m▀[38;2;197;124;91m[48;2;191;119;86m▞[38;2;197;126;91m[48;2;196;125;90m▞[38;2;185;119;85m[48;2;178;112;79m▌[38;2;181;120;88m[48;2;177;116;84m▀[38;2;154;102;80m[48;2;140;89;68m▛[38;2;160;110;83m[48;2;128;88;72m▄[38;2;133;100;86m[48;2;75;52;49m▖[38;2;86;61;59m[48;2;53;42;45m▀[38;2;102;76;70m[48;2;87;61;55m▚[38;2;75;58;58m[48;2;61;45;45m▞[38;2;129;90;75m[48;2;74;58;59m▀[38;2;101;75;65m[48;2;72;47;39m▙[38;2;87;70;69m[48;2;54;44;47m▖[38;2;49;43;48m[48;2;46;40;46m▌[38;2;55;46;52m[48;2;53;46;51m▀[38;2;58;46;50m[48;2;51;42;47m▀[38;2;80;63;65m[48;2;58;46;50m▝[38;2;95;73;70m[48;2;71;48;45m▐[38;2;124;91;76m[48;2;80;56;48m▙[38;2;74;61;61m[48;2;53;42;45m▖[38;2;54;46;49m[48;2;48;41;46m▜[38;2;61;50;53m[48;2;50;38;42m▌[38;2;52;45;49m[48;2;48;41;46m▝[38;2;48;41;48m[48;2;45;40;46m▀[38;2;47;40;45m[48;2;45;38;42m▜[38;2;47;40;47m[48;2;45;38;44m▝[38;2;89;78;81m[48;2;63;51;54m▐[38;2;86;68;74m[48;2;60;42;48m▌[38;2;60;41;52m[48;2;51;33;44m▝[38;2;91;70;78m[48;2;69;48;56m▐[38;2;90;76;86m[48;2;74;60;69m▌[38;2;61;50;55m[48;2;54;42;47m▌[38;2;52;41;43m[48;2;48;39;42m▀[38;2;52;44;46m[48;2;52;40;44m▟[38;2;42;57;79m[48;2;48;44;55m▄[38;2;40;61;77m[48;2;35;56;72m▌[38;2;32;61;48m[48;2;29;58;45m▐[38;2;43;82;62m[48;2;37;71;61m▄[38;2;44;85;62m[48;2;37;76;65m▄[38;2;42;78;67m[48;2;32;68;57m▌[38;2;35;67;57m[48;2;33;65;56m▐[38;2;44;73;79m[48;2;35;64;70m▌[38;2;51;87;86m[48;2;38;66;81m▝[38;2;57;112;77m[48;2;37;78;69m▀[38;2;68;116;89m[48;2;45;92;70m▘[38;2;50;89;73m[48;2;35;74;59m▐[38;2;43;78;64m[48;2;37;67;66m▀[38;2;39;73;66m[48;2;38;65;69m▀[38;2;39;71;59m[48;2;35;68;66m▄[38;2;42;74;63m[48;2;35;66;63m▖[38;2;46;76;65m[48;2;37;67;55m▐[38;2;66;94;78m[48;2;38;66;50m▌[38;2;77;107;88m[48;2;40;71;51m▐[38;2;48;84;69m[48;2;31;67;52m▌[38;2;34;68;61m[48;2;32;66;63m▖[38;2;33;66;66m[48;2;31;64;64m▞[38;2;35;71;62m[48;2;33;69;60m▚[38;2;34;68;61m[48;2;32;64;53m▄[38;2;32;68;64m[48;2;32;61;53m▄[38;2;47;87;63m[48;2;37;72;58m▄[38;2;49;90;57m[48;2;39;74;58m▄[0m
[38;2;179;201;234m[48;2;173;197;220m▄[38;2;178;200;233m[48;2;154;176;209m▙[38;2;172;193;222m[48;2;103;119;142m▄[38;2;120;135;157m[48;2;68;78;86m▄[38;2;164;184;207m[48;2;78;91;91m▄[38;2;166;201;205m[48;2;122;166;157m▄[38;2;115;161;118m[48;2;81;127;105m▀[38;2;107;143;104m[48;2;62;99;59m▌[38;2;75;115;74m[48;2;58;98;57m▐[38;2;188;215;133m[48;2;105;146;92m▗[38;2;169;189;108m[48;2;115;117;25m▛[38;2;155;152;71m[48;2;103;97;20m▀[38;2;97;97;44m[48;2;92;76;12m▀[38;2;154;132;97m[48;2;88;66;31m▐[38;2;203;141;100m[48;2;196;133;92m▐[38;2;186;122;89m[48;2;178;114;82m▌[38;2;204;139;99m[48;2;191;125;85m▐[38;2;228;165;113m[48;2;210;144;96m▛[38;2;202;129;92m[48;2;197;124;89m▜[38;2;190;120;88m[48;2;186;115;83m▌[38;2;192;124;91m[48;2;182;118;86m▜[38;2;184;120;88m[48;2;178;114;82m▌[38;2;173;114;86m[48;2;160;101;73m▐[38;2;160;103;78m[48;2;151;98;75m▄[38;2;166;112;83m[48;2;155;101;74m▛[38;2;172;121;94m[48;2;151;100;73m▌[38;2;137;93;72m[48;2;79;55;52m▄[38;2;88;66;63m[48;2;61;44;47m▖[38;2;64;51;53m[48;2;52;42;48m▀[38;2;56;48;53m[48;2;53;45;50m▌[38;2;82;65;66m[48;2;56;44;48m▝[38;2;112;86;79m[48;2;93;67;61m▚[38;2;101;79;75m[48;2;61;47;47m▖[38;2;54;47;53m[48;2;49;42;48m▐[38;2;52;45;49m[48;2;50;43;47m▌[38;2;50;40;46m[48;2;45;36;39m▀[38;2;70;58;58m[48;2;49;40;44m▝[38;2;123;87;72m[48;2;75;58;56m▀[38;2;102;78;72m[48;2;79;54;49m▌[38;2;78;62;57m[48;2;56;47;51m▄[38;2;62;52;53m[48;2;53;42;43m▌[38;2;51;44;50m[48;2;47;40;46m▌[38;2;45;40;46m[48;2;44;39;45m▝[38;2;45;39;44m[48;2;43;37;42m▐[38;2;56;49;54m[48;2;45;38;42m▗[38;2;67;58;70m[48;2;55;46;56m▄[38;2;52;40;54m[48;2;46;35;49m▌[38;2;70;44;58m[48;2;55;32;45m▗[38;2;141;107;102m[48;2;96;67;68m▗[38;2;117;96;100m[48;2;83;61;66m▌[38;2;53;44;49m[48;2;49;40;46m▘[38;2;43;52;72m[48;2;48;39;45m▄[38;2;41;65;93m[48;2;40;56;75m▖[38;2;40;65;90m[48;2;33;58;83m▐[38;2;35;61;72m[48;2;31;58;69m▌[38;2;35;70;56m[48;2;31;60;52m▄[38;2;34;66;60m[48;2;29;60;58m▝[38;2;33;65;54m[48;2;29;61;50m▚[38;2;32;63;53m[48;2;30;61;48m▝[38;2;32;65;49m[48;2;30;61;55m▀[38;2;47;80;75m[48;2;35;68;63m▚[38;2;40;62;100m[48;2;39;61;98m▞[38;2;34;67;67m[48;2;35;65;63m▘[38;2;39;70;60m[48;2;36;67;52m▀[38;2;31;62;56m[48;2;29;56;51m▀[38;2;34;61;59m[48;2;32;59;56m▐[38;2;37;61;67m[48;2;32;59;59m▗[38;2;45;74;82m[48;2;33;64;59m▖[38;2;33;67;55m[48;2;32;66;54m▌[38;2;48;79;66m[48;2;35;66;56m▝[38;2;60;88;72m[48;2;40;68;60m▘[38;2;66;96;79m[48;2;34;64;56m▝[38;2;48;85;69m[48;2;35;70;54m▙[38;2;40;74;63m[48;2;35;69;62m▄[38;2;54;97;71m[48;2;34;68;61m▄[38;2;62;110;83m[48;2;44;82;71m▄[38;2;39;73;61m[48;2;34;68;61m▄[38;2;37;72;72m[48;2;31;67;66m▌[38;2;31;67;67m[48;2;30;66;68m▜[38;2;34;73;57m[48;2;31;67;69m▀[0m
[38;2;192;205;235m[48;2;182;203;235m▄[48;2;183;204;236m▄[38;2;188;205;236m[48;2;182;203;235m▟[38;2;188;208;236m[48;2;190;207;233m▜[38;2;188;206;235m[48;2;188;206;235m [38;2;187;209;230m[48;2;169;194;212m▙[38;2;212;237;193m[48;2;165;190;152m▝[38;2;202;231;180m[48;2;119;148;97m▌[38;2;124;168;96m[48;2;83;129;84m▀[38;2;160;190;115m[48;2;121;152;76m▐[38;2;145;142;61m[48;2;119;115;34m▌[38;2;98;90;21m[48;2;87;78;10m▞[38;2;91;81;30m[48;2;61;52;2m▌[38;2;158;122;86m[48;2;80;44;12m▐[38;2;207;139;100m[48;2;197;131;91m▝[38;2;195;129;94m[48;2;184;117;85m▖[38;2;209;141;104m[48;2;186;117;81m▐[38;2;224;154;109m[48;2;204;134;89m▌[38;2;199;125;89m[48;2;196;123;87m▐[38;2;201;130;92m[48;2;184;115;84m▄[38;2;207;144;103m[48;2;189;125;90m▗[38;2;206;142;99m[48;2;195;131;88m▌[38;2;195;128;92m[48;2;182;115;79m▐[38;2;183;125;92m[48;2;165;107;74m▌[38;2;173;120;91m[48;2;154;102;73m▌[38;2;168;117;89m[48;2;153;101;78m▘[38;2;150;100;73m[48;2;136;91;68m▀[38;2;180;124;88m[48;2;148;102;79m▄[38;2;92;69;66m[48;2;64;41;38m▌[38;2;55;46;51m[48;2;52;42;47m▌[38;2;55;46;52m[48;2;51;41;46m▘[38;2;79;62;66m[48;2;57;44;47m▝[38;2;97;73;64m[48;2;72;56;57m▀[38;2;77;61;60m[48;2;60;48;50m▗[38;2;79;62;63m[48;2;54;44;48m▖[38;2;48;41;47m[48;2;44;37;43m▐[38;2;50;43;48m[48;2;48;39;45m▀[38;2;51;44;51m[48;2;47;40;47m▘[38;2;57;46;49m[48;2;46;39;46m▀[38;2;115;87;77m[48;2;77;57;56m▝[38;2;90;69;65m[48;2;57;36;33m▌[38;2;50;41;46m[48;2;47;39;43m▌[38;2;44;39;45m[48;2;41;37;43m▝[38;2;43;36;41m[48;2;40;33;39m▐[38;2;55;48;55m[48;2;44;37;44m▝[38;2;94;79;85m[48;2;85;71;77m▚[38;2;59;46;59m[48;2;54;41;54m▘[38;2;89;65;75m[48;2;66;45;57m▝[38;2;122;88;88m[48;2;80;55;64m▀[38;2;111;95;103m[48;2;73;55;64m▌[38;2;36;66;63m[48;2;43;56;51m▄[38;2;37;65;78m[48;2;32;60;75m▟[38;2;71;75;98m[48;2;38;59;88m▄[38;2;85;78;94m[48;2;52;68;92m▄[38;2;74;86;86m[48;2;81;71;86m▀[38;2;77;97;95m[48;2;74;72;81m▘[38;2;65;77;80m[48;2;38;63;65m▖[38;2;34;73;58m[48;2;33;72;57m▐[38;2;37;76;53m[48;2;34;74;51m▚[38;2;35;75;50m[48;2;33;68;50m▄[38;2;35;67;53m[48;2;31;64;50m▌[38;2;40;62;93m[48;2;36;59;90m▐[38;2;37;62;80m[48;2;32;58;72m▙[38;2;34;65;49m[48;2;32;62;45m▄[38;2;32;59;50m[48;2;30;54;49m▄[38;2;31;61;46m[48;2;33;53;55m▄[38;2;41;63;88m[48;2;36;58;79m▗[38;2;38;65;78m[48;2;35;65;73m▙[38;2;37;72;58m[48;2;34;69;54m▘[38;2;34;69;55m[48;2;33;67;58m▄[38;2;33;67;57m[48;2;31;61;62m▄[38;2;43;82;62m[48;2;32;66;59m▄[38;2;49;91;67m[48;2;35;74;54m▜[38;2;41;81;63m[48;2;37;71;62m▄[38;2;52;91;71m[48;2;38;74;68m▀[38;2;57;99;83m[48;2;40;72;79m▜[38;2;137;163;193m[48;2;55;94;83m▄[38;2;136;159;189m[48;2;77;111;120m▄[38;2;57;93;87m[48;2;37;75;74m▄[38;2;44;84;82m[48;2;32;67;79m▄[0m
[38;2;200;209;236m[48;2;195;208;236m▄[38;2;202;210;237m[48;2;196;209;237m▄[38;2;203;211;238m[48;2;197;210;238m▄[38;2;202;211;238m[48;2;195;210;237m▄[38;2;201;210;237m▄[38;2;199;211;235m[48;2;194;209;233m▄[38;2;176;194;203m[48;2;133;158;156m▄[38;2;198;222;194m[48;2;137;169;139m▗[38;2;165;190;149m[48;2;94;124;97m▄[38;2;98;128;118m[48;2;61;97;75m▟[38;2;127;160;126m[48;2;88;112;63m▙[38;2;146;178;147m[48;2;102;104;51m▄[38;2;116;140;104m[48;2;77;84;45m▄[38;2;162;151;118m[48;2;125;114;81m▐[38;2;199;131;95m[48;2;185;117;81m▐[38;2;199;130;96m[48;2;181;112;78m▌[38;2;221;155;113m[48;2;189;122;80m▐[38;2;223;152;110m[48;2;196;125;83m▌[38;2;214;143;102m[48;2;196;125;84m▐[38;2;212;142;97m[48;2;199;133;93m▀[38;2;205;141;100m[48;2;198;134;93m▐[38;2;197;134;95m[48;2;190;126;89m▛[38;2;186;123;87m[48;2;180;117;82m▐[38;2;186;127;94m[48;2;166;107;76m▌[38;2;154;106;83m[48;2;137;89;67m▌[38;2;142;98;80m[48;2;120;79;63m▙[38;2;103;70;58m[48;2;74;50;48m▀[38;2;186;127;89m[48;2;113;77;64m▀[38;2;122;90;80m[48;2;76;45;34m▌[38;2;53;44;50m[48;2;52;42;51m▟[38;2;51;40;44m[48;2;49;39;42m▐[38;2;56;47;53m[48;2;53;44;50m▄[38;2;54;45;48m[48;2;47;40;45m▀[38;2;93;73;69m[48;2;68;49;45m▐[38;2;99;75;66m[48;2;83;59;51m▌[38;2;81;59;56m[48;2;50;40;44m▄[38;2;66;53;55m[48;2;47;38;42m▖[38;2;48;39;46m[48;2;47;38;45m▚[38;2;60;49;50m[48;2;46;36;44m▄[38;2;51;44;50m[48;2;47;40;45m▛[38;2;53;44;49m[48;2;46;39;45m▘[38;2;54;45;51m[48;2;45;37;42m▘[38;2;43;38;41m[48;2;38;33;37m▐[38;2;45;38;42m[48;2;40;33;38m▝[38;2;54;45;51m[48;2;45;38;43m▗[38;2;96;80;82m[48;2;60;44;46m▐[38;2;82;68;81m[48;2;50;36;49m▌[38;2;47;36;54m[48;2;42;31;49m▄[38;2;82;69;82m[48;2;58;42;56m▟[38;2;48;55;70m[48;2;39;46;61m▚[38;2;49;68;93m[48;2;35;63;88m▟[38;2;69;81;86m[48;2;68;67;79m▝[38;2;81;71;90m[48;2;61;52;70m▀[38;2;59;49;67m[48;2;45;38;54m▘[38;2;37;46;50m[48;2;43;37;50m▄[38;2;33;61;47m[48;2;38;42;47m▄[38;2;34;62;52m[48;2;33;53;46m▟[38;2;38;73;56m[48;2;33;68;51m▐[38;2;37;76;57m[48;2;34;69;55m▀[38;2;37;77;57m[48;2;37;69;58m▀[38;2;40;72;55m[48;2;30;62;46m▌[38;2;44;67;80m[48;2;37;60;73m▐[38;2;46;64;103m[48;2;42;61;98m▄[38;2;43;69;65m[48;2;38;64;60m▞[38;2;51;77;75m[48;2;39;60;55m▀[38;2;40;65;72m[48;2;39;58;88m▜[38;2;44;62;95m[48;2;39;59;93m▄[38;2;39;62;76m[48;2;37;61;67m▛[38;2;37;68;60m[48;2;33;64;56m▌[38;2;35;68;63m[48;2;33;65;58m▗[38;2;37;72;58m[48;2;35;63;62m▀[38;2;42;77;61m[48;2;33;67;53m▘[38;2;47;79;69m[48;2;37;69;59m▐[38;2;93;119;131m[48;2;42;77;63m▄[38;2;91;114;129m[48;2;34;65;61m▄[38;2;126;149;173m[48;2;74;98;122m▟[38;2;173;192;237m[48;2;111;132;159m▀[38;2;156;176;212m[48;2;104;122;153m▀[38;2;90;110;133m[48;2;56;85;94m▄[38;2;115;136;163m[48;2;60;96;98m▄[0m
[38;2;209;212;236m[48;2;203;209;235m▄[48;2;204;210;236m▄[38;2;210;214;237m[48;2;205;211;237m▄[38;2;211;215;238m[48;2;206;211;237m▄[38;2;211;215;237m[48;2;207;214;236m▄[38;2;214;216;238m[48;2;205;214;238m▄[38;2;212;224;236m[48;2;208;215;233m▝[38;2;214;239;187m[48;2;208;225;207m▘[38;2;200;215;211m[48;2;167;192;158m▙[38;2;196;209;228m[48;2;186;202;219m▟[38;2;161;178;161m[48;2;134;152;134m▌[38;2;162;172;122m[48;2;139;149;99m▌[38;2;107;120;94m[48;2;72;86;60m▌[38;2;146;129;104m[48;2;83;66;41m▐[38;2;200;132;93m[48;2;193;125;86m▟[38;2;198;131;91m[48;2;185;116;85m▄[38;2;231;168;120m[48;2;217;155;107m▞[38;2;223;152;111m[48;2;193;121;79m▌[38;2;214;143;103m[48;2;201;129;94m▗[38;2;139;83;73m[48;2;116;60;49m▌[38;2;171;112;88m[48;2;101;56;58m▀[38;2;187;126;92m[48;2;154;97;72m▜[38;2;179;120;85m[48;2;175;115;82m▄[38;2;170;120;93m[48;2;143;92;65m▌[38;2;146;95;74m[48;2;114;75;63m▀[38;2;153;104;80m[48;2;140;91;67m▐[38;2;125;89;79m[48;2;88;52;42m▌[38;2;65;46;50m[48;2;59;41;47m▄[38;2;63;46;49m[48;2;56;39;45m▜[38;2;65;47;51m[48;2;58;46;50m▄[38;2;61;47;54m[48;2;53;41;47m▄[38;2;68;50;55m[48;2;57;46;52m▄[38;2;75;53;51m[48;2;53;42;45m▄[38;2;69;52;56m[48;2;55;46;52m▄[38;2;65;48;49m[48;2;45;38;45m▀[38;2;129;98;85m[48;2;79;47;35m▐[38;2;157;108;77m[48;2;115;79;64m▄[38;2;120;93;86m[48;2;62;46;45m▖[38;2;69;52;54m[48;2;48;41;46m▀[38;2;102;80;74m[48;2;78;57;55m▗[38;2;107;82;77m[48;2;57;43;46m▖[38;2;45;39;45m[48;2;44;37;44m▛[38;2;44;38;42m[48;2;39;33;38m▐[38;2;47;38;41m[48;2;41;34;39m▄[38;2;56;42;46m[48;2;45;35;41m▟[38;2;70;58;58m[48;2;52;41;41m▐[38;2;86;74;77m[48;2;68;55;63m▗[38;2;68;55;68m[48;2;50;37;53m▖[38;2;124;110;117m[48;2;88;75;84m▗[38;2;143;127;128m[48;2;84;84;84m▄[38;2;142;126;127m[48;2;100;94;105m▄[38;2;108;97;108m[48;2;87;80;98m▄[38;2;99;91;103m[48;2;77;74;89m▄[38;2;94;90;103m[48;2;74;72;87m▄[38;2;86;91;96m[48;2;44;65;62m▄[38;2;41;66;62m[48;2;31;59;50m▖[38;2;37;67;52m[48;2;33;62;54m▄[38;2;33;63;54m[48;2;31;57;48m▀[38;2;34;60;56m[48;2;31;57;52m▌[38;2;36;61;59m[48;2;32;57;54m▐[38;2;43;68;58m[48;2;38;63;48m▄[38;2;52;72;69m[48;2;45;65;62m▐[38;2;109;118;148m[48;2;50;67;110m▄[38;2;98;108;129m[48;2;40;60;63m▄[38;2;82;96;125m[48;2;44;65;81m▄[38;2;49;65;93m[48;2;45;62;97m▙[38;2;43;64;81m[48;2;36;60;59m▀[38;2;37;65;53m[48;2;33;64;46m▝[38;2;39;68;60m[48;2;35;61;59m▀[38;2;39;66;71m[48;2;35;62;67m▚[38;2;33;61;63m[48;2;30;58;59m▌[38;2;116;137;154m[48;2;49;78;73m▄[38;2;90;113;129m[48;2;52;80;79m▄[38;2;88;114;125m[48;2;71;94;107m▀[38;2;70;92;102m[48;2;35;58;68m▀[38;2;96;116;137m[48;2;58;82;97m▀[38;2;70;92;117m[48;2;58;80;102m▙[38;2;122;134;179m[48;2;75;93;128m▗[38;2;154;169;211m[48;2;117;131;173m▐[38;2;193;200;243m[48;2;165;175;217m▟[0m
[38;2;216;216;236m[48;2;212;215;237m▟[38;2;214;216;238m[48;2;216;215;236m▀[38;2;218;215;237m[48;2;216;214;237m▗[38;2;218;216;235m[48;2;216;215;238m▄[38;2;217;217;236m[48;2;217;217;236m  [38;2;218;218;236m[48;2;214;217;234m▄[38;2;217;217;235m[48;2;212;215;235m▄[38;2;209;215;232m[48;2;204;208;222m▛[38;2;211;215;180m[48;2;198;205;185m▖[38;2;223;231;159m[48;2;150;148;79m▘[38;2;145;136;71m[48;2;97;87;31m▛[38;2;111;103;51m[48;2;91;79;29m▘[38;2;138;122;93m[48;2;86;70;41m▐[38;2;190;126;91m[48;2;181;118;91m▀[38;2;204;132;93m[48;2;190;118;83m▜[38;2;227;159;113m[48;2;221;152;106m▌[38;2;212;136;99m[48;2;201;125;88m▌[38;2;224;154;107m[48;2;209;138;92m▐[38;2;202;133;95m[48;2;166;102;69m▙[38;2;157;99;80m[48;2;100;57;60m▄[38;2;106;69;70m[48;2;82;45;46m▞[38;2;154;103;76m[48;2;106;68;61m▀[38;2;112;82;76m[48;2;81;52;45m▌[38;2;69;49;54m[48;2;56;38;44m▘[38;2;112;80;72m[48;2;65;42;45m▝[38;2;179;130;99m[48;2;133;83;53m▐[38;2;224;166;119m[48;2;163;112;80m▖[38;2;77;50;53m[48;2;70;44;47m▌[38;2;144;100;87m[48;2;108;64;51m▐[38;2;185;127;84m[48;2;128;86;71m▄[38;2;186;131;93m[48;2;131;89;74m▄[38;2;127;90;77m[48;2;111;73;61m▌[38;2;73;53;53m[48;2;60;42;41m▜[38;2;79;57;55m[48;2;53;42;45m▄[38;2;63;48;50m[48;2;53;38;40m▐[38;2;115;81;65m[48;2;49;39;45m▀[38;2;135;96;79m[48;2;78;61;60m▀[38;2;80;61;59m[48;2;52;39;41m▙[38;2;65;53;56m[48;2;48;38;43m▝[38;2;88;64;55m[48;2;53;42;45m▀[38;2;63;52;53m[48;2;48;37;39m▌[38;2;41;35;41m[48;2;36;30;36m▐[38;2;46;36;41m[48;2;41;32;37m▌[38;2;84;66;62m[48;2;57;43;45m▝[38;2;67;52;52m[48;2;60;46;45m▞[38;2;80;67;66m[48;2;63;50;50m▐[38;2;140;124;118m[48;2;100;86;90m▄[38;2;161;145;139m[48;2;125;109;108m▟[38;2;133;119;116m[48;2;98;86;86m▛[38;2;110;96;103m[48;2;49;39;54m▀[38;2;80;70;84m[48;2;66;56;70m▐[38;2;127;112;117m[48;2;107;93;98m▐[38;2;133;121;118m[48;2;100;92;101m▄[38;2;98;92;100m[48;2;74;68;76m▛[38;2;79;87;88m[48;2;53;62;62m▌[38;2;34;62;48m[48;2;29;57;43m▐[38;2;37;64;53m[48;2;30;57;46m▌[38;2;41;65;66m[48;2;38;58;64m▖[38;2;40;64;59m[48;2;39;59;52m▀[38;2;50;73;55m[48;2;47;69;52m▐[38;2;66;80;66m[48;2;55;69;55m▐[38;2;247;240;228m[48;2;212;204;192m▐[38;2;255;251;240m[48;2;234;221;216m▖[38;2;131;138;153m[48;2;72;79;94m▌[38;2;70;92;78m[48;2;45;64;64m▄[38;2;47;68;70m[48;2;44;65;67m▞[38;2;43;63;75m[48;2;41;59;72m▌[38;2;104;120;145m[48;2;40;57;75m▗[38;2;154;171;198m[48;2;84;101;123m▄[38;2;160;178;195m[48;2;103;123;140m▖[38;2;110;127;149m[48;2;74;91;107m▜[38;2;138;154;181m[48;2;79;97;115m▀[38;2;134;151;175m[48;2;95;116;132m▄[38;2;133;147;179m[48;2;60;83;98m▄[38;2;100;114;146m[48;2;51;72;89m▄[38;2;165;172;210m[48;2;99;113;149m▄[38;2;197;203;244m[48;2;159;170;211m▄[38;2;197;203;243m[48;2;194;201;240m▚[38;2;198;202;242m[48;2;195;201;242m▄[0m
[38;2;226;221;233m[48;2;219;217;233m▄[48;2;221;216;236m▄[48;2;219;217;236m▄[48;2;220;217;236m▄[38;2;227;221;234m[48;2;221;218;235m▄▄[38;2;224;219;236m[48;2;221;218;236m▖[38;2;221;218;236m[48;2;221;218;233m▛[38;2;218;216;232m[48;2;207;207;222m▙[38;2;212;210;192m[48;2;193;191;173m▌[38;2;144;127;81m[48;2;121;105;59m▌[38;2;114;100;50m[48;2;106;85;51m▀[38;2;92;73;43m[48;2;72;55;17m▙[38;2;173;154;151m[48;2;72;48;37m▟[38;2;175;115;103m[48;2;169;107;91m▗[38;2;202;131;98m[48;2;185;115;82m▐[38;2;228;161;113m[48;2;223;154;108m▗[38;2;225;154;110m[48;2;209;138;94m▌[38;2;218;147;100m[48;2;208;135;91m▄[38;2;207;136;99m[48;2;196;124;87m▌[38;2;198;134;101m[48;2;181;117;83m▐[38;2;198;135;95m[48;2;161;106;80m▄[38;2;171;119;96m[48;2;115;73;61m▖[38;2;84;60;62m[48;2;68;43;46m▌[38;2;57;38;44m[48;2;53;34;40m▌[38;2;58;38;46m[48;2;56;35;42m▛[38;2;193;148;121m[48;2;97;52;25m▐[38;2;188;137;111m[48;2;115;64;37m▌[38;2;80;54;61m[48;2;67;40;47m▐[38;2;171;123;102m[48;2;136;88;67m▐[38;2;172;117;81m[48;2;122;82;64m▀[38;2;179;123;89m[48;2;108;75;67m▀[38;2;140;94;78m[48;2;103;71;61m▀[38;2;77;59;55m[48;2;62;46;49m▝[38;2;90;64;61m[48;2;75;49;45m▚[38;2;161;113;84m[48;2;119;80;61m▟[38;2;104;79;73m[48;2;73;48;42m▌[38;2;53;45;54m[48;2;49;41;50m▄[38;2;89;69;69m[48;2;62;47;51m▝[38;2;132;96;83m[48;2;93;64;57m▗[38;2;103;79;70m[48;2;57;42;42m▖[38;2;47;40;47m[48;2;40;32;41m▀[38;2;44;36;42m[48;2;36;28;34m▐[38;2;43;35;40m[48;2;38;30;35m▌[38;2;45;38;45m[48;2;37;32;38m▄[38;2;46;39;46m[48;2;39;32;39m▚[38;2;142;124;121m[48;2;77;59;54m▟[38;2;154;132;126m[48;2;91;79;91m▀[38;2;132;115;111m[48;2;76;67;85m▀[38;2;93;81;93m[48;2;60;48;60m▌[38;2;147;121;124m[48;2;91;73;81m▄[38;2;161;143;151m[48;2;98;79;88m▖[38;2;82;63;69m[48;2;62;43;56m▀[38;2;135;119;123m[48;2;70;56;66m▜[38;2;122;108;113m[48;2;65;59;72m▄[38;2;67;68;76m[48;2;54;54;65m▝[38;2;36;58;62m[48;2;35;55;60m▚[38;2;36;64;53m[48;2;34;53;65m▄[38;2;36;59;58m[48;2;37;56;61m▟[38;2;41;60;59m[48;2;40;60;53m▟[38;2;66;83;77m[48;2;50;68;59m▗[38;2;124;132;126m[48;2;60;68;62m▐[38;2;255;232;224m[48;2;242;221;219m▝[38;2;200;194;204m[48;2;112;106;116m▌[38;2;108;120;134m[48;2;99;111;114m▀[38;2;114;132;141m[48;2;79;90;107m▀[38;2;50;59;88m[48;2;51;58;89m▛[38;2;107;116;140m[48;2;49;59;87m▗[38;2;134;149;174m[48;2;68;85;100m▀[38;2;164;177;205m[48;2;75;89;107m▀[38;2;149;161;185m[48;2;113;125;149m▚[38;2;101;114;142m[48;2;72;93;110m▄[38;2;80;95;119m[48;2;63;79;105m▜[38;2;153;164;201m[48;2;115;124;159m▝[38;2;175;181;218m[48;2;157;165;201m▙[38;2;195;200;238m[48;2;143;148;187m▟[38;2;204;205;244m[48;2;201;204;244m▄[38;2;207;207;245m[48;2;200;203;243m▄[48;2;202;202;243m▄[38;2;210;207;246m[48;2;204;203;244m▄[0m
[38;2;229;222;234m[48;2;229;222;234m   [38;2;230;224;235m[48;2;228;222;235m▄[38;2;230;223;235m[48;2;230;223;235m  [38;2;230;224;235m[48;2;228;222;235m▄[38;2;229;223;233m[48;2;226;221;233m▄[38;2;228;222;235m[48;2;222;217;234m▄[38;2;222;217;229m[48;2;212;209;219m▙[38;2;222;218;231m[48;2;190;181;174m▄[38;2;217;209;218m[48;2;146;131;117m▄[38;2;218;210;224m[48;2;169;158;159m▄[38;2;209;207;216m[48;2;168;171;172m▛[38;2;186;132;116m[48;2;183;126;113m▄[38;2;210;137;105m[48;2;191;118;87m▐[38;2;236;176;124m[48;2;231;167;118m▄[38;2;232;163;115m[48;2;211;143;95m▌[38;2;223;153;107m[48;2;206;137;90m▐[38;2;200;134;95m[48;2;194;127;89m▌[38;2;164;105;81m[48;2;131;77;61m▛[38;2;195;133;94m[48;2;131;84;72m▀[38;2;178;121;88m[48;2;154;98;67m▙[38;2;110;80;75m[48;2;81;50;46m▌[38;2;58;39;47m[48;2;54;35;43m▐[38;2;70;43;48m[48;2;63;36;46m▄[38;2;219;165;125m[48;2;163;108;68m▐[38;2;202;132;86m[48;2;145;88;63m▄[38;2;164;117;105m[48;2;100;62;58m▖[38;2;102;68;65m[48;2;63;45;53m▀[38;2;81;55;54m[48;2;57;40;46m▀[38;2;58;46;52m[48;2;55;44;49m▌[38;2;57;41;44m[48;2;44;35;41m▀[38;2;67;53;58m[48;2;51;39;44m▝[38;2;99;70;63m[48;2;79;50;42m▐[38;2;138;104;90m[48;2;99;64;50m▌[38;2;57;47;48m[48;2;45;38;45m▀[38;2;51;44;51m[48;2;47;38;44m▀[38;2;46;39;46m[48;2;45;38;45m▚[38;2;71;54;55m[48;2;43;36;43m▀[38;2;104;73;64m[48;2;74;54;54m▀[38;2;59;46;48m[48;2;48;38;41m▖[38;2;37;30;37m[48;2;34;27;35m▝[38;2;41;32;38m[48;2;35;28;35m▀[38;2;94;68;63m[48;2;74;48;44m▐[38;2;142;114;107m[48;2;95;77;73m▄[38;2;137;125;133m[48;2;86;75;94m▘[38;2;62;57;86m[48;2;60;54;84m▚[38;2;64;59;89m[48;2;61;57;87m▐[38;2;81;73;97m[48;2;72;64;87m▐[38;2;106;90;101m[48;2;88;77;93m▜[38;2;103;91;102m[48;2;84;69;81m▙[38;2;95;82;93m[48;2;70;54;66m▄[38;2;72;64;87m[48;2;55;43;63m▄[38;2;134;117;127m[48;2;63;53;81m▀[38;2;127;120;125m[48;2;80;65;80m▘[38;2;60;72;63m[48;2;41;60;49m▖[38;2;60;84;76m[48;2;38;70;49m▄[38;2;47;68;63m[48;2;41;66;57m▖[38;2;127;146;151m[48;2;52;72;69m▗[38;2;166;177;191m[48;2;92;110;106m▄[38;2;119;130;153m[48;2;80;91;113m▞[38;2;144;146;168m[48;2;64;74;116m▀[38;2;198;204;232m[48;2;105;114;137m▗[38;2;119;128;145m[48;2;66;75;91m▌[38;2;60;62;100m[48;2;57;59;96m▞[38;2;130;130;166m[48;2;61;62;98m▄[38;2;177;179;209m[48;2;120;129;150m▄[38;2;135;137;166m[48;2;71;81;110m▄[38;2;135;136;170m[48;2;77;87;113m▄[38;2;161;164;193m[48;2;86;96;120m▄[38;2;197;194;227m[48;2;165;170;202m▄[38;2;214;211;244m[48;2;152;157;189m▄[38;2;214;209;243m[48;2;199;199;233m▄[48;2;208;208;244m▄[48;2;210;207;242m▄[48;2;210;207;244m▄[48;2;212;207;245m▄[38;2;215;210;244m[48;2;214;208;244m▄[38;2;216;209;244m▄[0m
[38;2;235;225;233m[48;2;233;223;233m▄▄▄[38;2;235;225;234m▟[38;2;238;226;235m[48;2;237;225;233m▄[38;2;236;226;235m[48;2;234;224;232m▄[48;2;233;223;233m▄[38;2;235;225;234m[48;2;231;223;232m▄[38;2;235;224;235m[48;2;231;223;234m▖[38;2;231;223;233m[48;2;230;222;232m▌[38;2;231;223;235m[48;2;228;222;232m▖[38;2;230;222;233m[48;2;225;219;230m▄[38;2;229;221;230m[48;2;225;218;230m▖[38;2;227;220;230m[48;2;207;201;209m▙[38;2;234;182;166m[48;2;195;144;127m▌[38;2;208;135;104m[48;2;194;120;89m▞[38;2;243;189;136m[48;2;235;180;128m▐[38;2;241;178;129m[48;2;209;146;98m▌[38;2;224;157;111m[48;2;203;136;90m▐[38;2;212;148;103m[48;2;202;137;93m▌[38;2;180;119;91m[48;2;147;91;69m▙[38;2;113;80;77m[48;2;83;50;52m▖[38;2;132;90;73m[48;2;63;46;50m▀[38;2;140;102;89m[48;2;89;60;58m▘[38;2;60;41;47m[48;2;56;38;44m▐[38;2;67;45;53m[48;2;65;43;50m▞[38;2;175;129;106m[48;2;116;70;47m▐[38;2;229;166;108m[48;2;222;156;100m▖[38;2;202;151;121m[48;2;140;89;59m▌[38;2;71;52;59m[48;2;63;44;51m▌[38;2;67;53;58m[48;2;56;42;48m▗[38;2;61;50;55m[48;2;52;40;46m▌[38;2;46;38;44m[48;2;41;33;40m▌[38;2;41;34;41m[48;2;39;32;39m▝[38;2;72;52;52m[48;2;38;27;32m▝[38;2;94;75;72m[48;2;49;38;42m▘[38;2;43;38;44m[48;2;43;36;40m▀[38;2;47;40;47m[48;2;45;38;45m▐[38;2;44;37;44m[48;2;40;33;40m▛[38;2;41;35;41m[48;2;39;33;39m▚[38;2;39;33;40m[48;2;36;31;37m▞[38;2;38;31;38m[48;2;32;27;33m▀[38;2;34;29;37m[48;2;32;24;33m▀[38;2;88;74;81m[48;2;39;29;36m▗[38;2;128;114;118m[48;2;70;54;58m▟[38;2;133;119;126m[48;2;95;86;97m▘[38;2;73;69;96m[48;2;62;59;86m▌[38;2;62;60;90m[48;2;60;58;90m▄[38;2;65;62;93m[48;2;61;59;89m▐[38;2;77;74;100m[48;2;71;67;96m▝[38;2;86;79;99m[48;2;71;65;92m▀[38;2;107;97;107m[48;2;80;71;95m▀[38;2;113;101;110m[48;2;71;62;83m▀[38;2;85;73;93m[48;2;75;65;86m▄[38;2;71;65;92m[48;2;66;56;80m▀[38;2;80;69;91m[48;2;52;43;64m▀[38;2;88;84;98m[48;2;65;61;75m▚[38;2;158;170;177m[48;2;88;101;108m▐[38;2;155;166;186m[48;2;57;67;88m▌[38;2;91;101;127m[48;2;47;55;83m▝[38;2;191;197;225m[48;2;128;136;165m▀[38;2;60;70;115m[48;2;48;57;103m▚[38;2;127;134;173m[48;2;64;71;112m▗[38;2;172;173;202m[48;2;97;93;130m▀[38;2;76;69;116m[48;2;69;62;109m▚[38;2;176;172;205m[48;2;94;87;130m▄[38;2;216;212;239m[48;2;203;198;230m▟[38;2;216;211;240m[48;2;213;210;238m▗[38;2;219;212;243m[48;2;214;210;240m▗[48;2;213;209;240m▄[38;2;218;214;245m[48;2;218;211;243m▝[38;2;217;211;243m[48;2;217;211;243m [38;2;221;211;244m[48;2;215;210;244m▄▄[38;2;222;212;243m▄[38;2;223;214;246m[48;2;217;210;245m▄[38;2;223;214;244m▄▄[38;2;224;212;244m[48;2;221;211;246m▄[48;2;221;211;244m▄[0m
[38;2;242;228;232m[48;2;237;228;233m▄[48;2;239;228;233m▄▄[38;2;240;229;232m▄[48;2;239;228;236m▄[38;2;240;229;235m▄▄[48;2;239;228;235m▖[38;2;238;228;236m[48;2;236;226;235m▙[38;2;239;228;236m▄[48;2;235;225;233m▄[38;2;236;226;235m[48;2;233;224;232m▄[38;2;237;225;231m[48;2;232;223;231m▄[38;2;236;224;232m[48;2;230;222;231m▄[38;2;250;215;188m[48;2;226;191;165m▌[38;2;235;167;124m[48;2;206;139;96m▌[38;2;255;217;162m[48;2;223;180;125m▐[38;2;244;190;135m[48;2;210;156;101m▌[38;2;197;131;93m[48;2;151;93;77m▀[38;2;145;91;75m[48;2;94;56;58m▀[38;2;160;106;81m[48;2;119;73;56m▜[38;2;163;117;97m[48;2;125;78;58m▌[38;2;80;62;61m[48;2;56;40;43m▖[38;2;48;39;45m[48;2;43;36;43m▀[38;2;60;47;53m[48;2;49;36;43m▐[38;2;87;63;63m[48;2;76;52;52m▐[38;2;118;83;76m[48;2;82;53;54m▝[38;2;159;109;81m[48;2;72;49;52m▀[38;2;149;103;80m[48;2;71;51;53m▀[38;2;69;52;55m[48;2;54;39;43m▘[38;2;61;49;55m[48;2;51;40;48m▝[38;2;69;51;55m[48;2;56;44;50m▀[38;2;49;39;45m[48;2;42;32;38m▌[38;2;40;33;41m[48;2;36;29;38m▌[38;2;32;27;33m[48;2;30;25;31m▚[38;2;42;37;44m[48;2;40;34;41m▐[38;2;56;44;46m[48;2;42;33;36m▝[38;2;134;98;86m[48;2;101;71;62m▗[38;2;117;79;62m[48;2;71;53;49m▄[38;2;54;41;44m[48;2;43;33;37m▄[38;2;43;33;41m[48;2;36;31;37m▄[38;2;58;50;62m[48;2;31;26;32m▄[38;2;100;89;100m[48;2;60;50;56m▄[38;2;127;116;122m[48;2;105;94;103m▝[38;2;123;111;117m[48;2;111;102;109m▘[38;2;104;96;110m[48;2;85;79;95m▘[38;2;80;74;97m[48;2;70;66;95m▄[38;2;77;71;98m[48;2;69;65;96m▄[38;2;70;66;97m[48;2;67;62;94m▖[38;2;67;62;94m[48;2;62;58;89m▌[38;2;65;60;92m▐[38;2;67;63;92m[48;2;61;56;86m▛[38;2;57;53;79m[48;2;54;48;75m▀[38;2;67;55;77m[48;2;42;33;54m▀[38;2;55;43;65m[48;2;42;32;51m▄[38;2;66;54;77m[48;2;33;24;41m▄[38;2;105;96;114m[48;2;66;58;76m▐[38;2;201;203;219m[48;2;116;113;130m▜[38;2;199;201;228m[48;2;83;85;112m▌[38;2;59;66;97m[48;2;46;54;87m▗[38;2;151;155;177m[48;2;73;80;119m▄[38;2;109;119;159m[48;2;64;73;117m▖[38;2;74;77;117m[48;2;67;62;104m▀[38;2;103;93;132m[48;2;69;60;101m▗[38;2;207;199;225m[48;2;127;117;154m▄[38;2;223;216;236m[48;2;218;213;239m▄[38;2;223;214;239m[48;2;219;211;238m▟[38;2;228;216;238m[48;2;224;215;239m▗[38;2;226;215;241m[48;2;226;215;241m [38;2;226;215;243m[48;2;226;215;243m  [38;2;227;215;243m[48;2;224;214;242m▟[38;2;229;216;244m[48;2;225;215;243m▄▄[38;2;227;216;244m[48;2;227;216;244m [38;2;229;216;244m[48;2;226;215;246m▄[48;2;225;215;243m▄[38;2;229;216;242m[48;2;228;215;244m▄[38;2;232;217;243m▄▄[0m
[38;2;243;229;232m[48;2;243;229;232m [38;2;243;230;232m[48;2;242;228;232m▄▄[38;2;243;229;233m▄▟▄▖[38;2;242;228;232m  [38;2;241;228;232m[48;2;241;228;232m [38;2;242;228;232m[48;2;239;228;233m▄[48;2;239;228;231m▄[38;2;240;226;231m[48;2;239;225;230m▖[38;2;239;225;232m[48;2;238;224;231m▄[38;2;246;226;193m[48;2;246;222;189m▄[38;2;246;191;139m[48;2;213;157;106m▌[38;2;255;224;168m[48;2;221;183;127m▐[38;2;244;192;143m[48;2;185;133;84m▌[38;2;118;68;60m[48;2;103;56;52m▀[38;2;104;69;70m[48;2;86;51;52m▌[38;2;102;64;57m[48;2;74;48;51m▀[38;2;127;87;73m[48;2;69;50;52m▀[38;2;87;69;68m[48;2;59;45;47m▘[38;2;45;38;45m[48;2;39;32;39m▌[38;2;74;59;64m[48;2;49;34;39m▐[38;2;87;62;59m[48;2;71;52;54m▄[38;2;99;69;61m[48;2;78;58;60m▄[38;2;86;60;58m[48;2;64;47;52m▄[38;2;61;48;54m[48;2;51;38;43m▌[38;2;46;37;43m[48;2;42;33;39m▛[38;2;48;39;47m[48;2;46;37;45m▜[38;2;45;38;45m[48;2;44;37;44m▀[38;2;41;34;41m[48;2;38;33;39m▀[38;2;45;38;45m[48;2;37;30;37m▌[38;2;80;58;55m[48;2;35;28;35m▄[38;2;48;39;45m[48;2;38;31;37m▖[38;2;35;31;37m[48;2;33;28;34m▜[38;2;69;57;63m[48;2;49;36;41m▐[38;2;107;89;97m[48;2;101;73;68m▗[38;2;105;92;103m[48;2;79;59;59m▄[38;2;93;84;103m[48;2;86;71;83m▄[38;2;83;76;96m[48;2;74;71;93m▀[38;2;83;76;94m[48;2;75;69;93m▀[38;2;85;76;94m[48;2;64;58;81m▀[38;2;84;77;94m[48;2;66;61;79m▜[38;2;98;92;105m[48;2;86;81;99m▄[38;2;95;89;106m[48;2;91;86;102m▌[38;2;85;80;102m[48;2;76;70;97m▙[38;2;84;78;101m[48;2;74;67;100m▄[38;2;94;89;106m[48;2;71;66;95m▄[38;2;83;78;98m[48;2;66;61;92m▄[38;2;65;62;87m[48;2;58;54;83m▄[38;2;56;53;78m[48;2;50;44;71m▄[38;2;60;52;78m[48;2;44;34;55m▄[38;2;67;57;80m[48;2;61;51;73m▚[38;2;83;75;98m[48;2;68;60;83m▄[38;2;98;91;104m[48;2;81;74;90m▟[38;2;111;107;123m[48;2;99;93;104m▝[38;2;82;86;111m[48;2;51;55;81m▌[38;2;103;112;139m[48;2;49;57;84m▐[38;2;159;159;176m[48;2;115;123;153m▀[38;2;110;117;153m[48;2;74;76;117m▘[38;2;134;123;159m[48;2;75;64;106m▗[38;2;219;208;232m[48;2;122;110;141m▟[38;2;229;219;240m[48;2;227;216;236m▘[38;2;232;218;238m[48;2;225;216;237m▄[38;2;230;218;238m[48;2;228;216;238m▄[38;2;232;221;240m[48;2;230;218;240m▄▄[38;2;232;221;243m▄[38;2;235;221;243m▄[48;2;230;218;241m▄[38;2;232;221;243m[48;2;230;218;240m▄[38;2;235;221;243m▄[48;2;232;218;240m▖[38;2;233;219;242m▄▄[38;2;236;219;243m▄▄[48;2;235;218;242m▄[0m
[38;2;246;230;231m[48;2;243;229;231m▗[38;2;247;230;231m[48;2;245;229;232m▄[48;2;243;230;232m▄[38;2;246;230;233m▄[38;2;246;230;231m▄[38;2;246;230;233m[48;2;243;229;232m▖[38;2;243;230;232m[48;2;243;230;232m  [38;2;243;229;232m[48;2;243;229;232m  [38;2;243;230;232m[48;2;242;228;232m▄[38;2;242;229;231m[48;2;244;226;232m▄[48;2;243;225;231m▄[38;2;239;229;230m[48;2;240;226;231m▄[38;2;244;230;194m[48;2;246;226;193m▄[38;2;247;195;138m[48;2;221;169;111m▌[38;2;255;224;167m[48;2;227;191;133m▐[38;2;247;199;159m[48;2;167;119;78m▌[38;2;107;61;55m[48;2;95;51;47m▙[38;2;109;75;70m[48;2;93;58;54m▌[38;2;61;44;47m[48;2;57;39;43m▌[38;2;53;41;47m[48;2;50;38;44m▐[38;2;50;43;47m[48;2;47;40;45m▌[38;2;39;33;41m[48;2;35;29;36m▘[38;2;138;107;98m[48;2;83;51;42m▐[38;2;136;96;81m[48;2;90;60;52m▛[38;2;124;87;70m[48;2;82;59;56m▀[38;2;147;109;94m[48;2;95;68;60m▘[38;2;54;45;53m[48;2;48;39;47m▌[38;2;46;37;42m[48;2;44;34;40m▖[38;2;47;38;46m[48;2;45;36;44m▐[38;2;42;38;44m[48;2;38;33;39m▝[38;2;38;32;40m[48;2;32;28;37m▘[38;2;35;29;38m[48;2;29;23;31m▌[38;2;112;86;82m[48;2;72;46;42m▐[38;2;119;102;112m[48;2;75;52;53m▄[38;2;112;105;122m[48;2;80;72;83m▄[38;2;98;91;114m[48;2;91;85;108m▌[38;2;83;79;105m[48;2;72;70;102m▀[38;2;75;69;96m[48;2;71;68;99m▀[38;2;87;83;108m[48;2;77;74;97m▗[38;2;96;89;105m[48;2;84;80;97m▄[38;2;90;83;103m[48;2;74;68;91m▖[38;2;62;59;84m[48;2;55;50;77m▖[38;2;80;75;95m[48;2;59;55;78m▝[38;2;95;89;99m[48;2;81;74;90m▀[38;2;96;90;102m[48;2;93;87;99m▚[38;2;101;95;105m[48;2;97;90;107m▄[38;2;102;96;108m[48;2;98;92;104m▐[38;2;115;108;118m[48;2;111;104;114m▐[38;2;111;104;115m[48;2;104;97;107m▌[38;2;90;85;103m[48;2;77;71;89m▌[38;2;67;63;89m[48;2;61;57;83m▌[38;2;89;81;104m[48;2;64;55;80m▗[38;2;105;95;110m[48;2;92;83;102m▄[38;2;102;94;108m[48;2;98;90;105m▞[38;2;116;109;118m[48;2;109;101;110m▐[38;2;122;113;123m[48;2;98;92;100m▖[38;2;99;94;106m[48;2;91;86;98m▚[38;2;179;182;196m[48;2;122;120;134m▝[38;2;115;123;156m[48;2;81;88;121m▌[38;2;74;73;116m[48;2;73;69;109m▘[38;2;229;215;237m[48;2;142;129;150m▐[38;2;231;221;236m[48;2;230;218;232m▘[38;2;236;221;237m[48;2;232;220;235m▄[38;2;237;222;236m[48;2;233;221;236m▄[38;2;238;222;238m[48;2;237;221;237m▐[38;2;238;223;237m[48;2;237;222;238m▄[48;2;237;221;240m▄▄▄▄[38;2;240;222;239m▄▄▄▄▄▄[38;2;239;219;240m[48;2;239;219;240m  [0m
[38;2;247;230;229m[48;2;247;230;229m   [38;2;247;230;230m[48;2;247;230;230m   [38;2;247;230;231m[48;2;247;230;231m [38;2;246;230;231m[48;2;245;229;230m▙[48;2;243;229;231m▖[38;2;243;230;230m[48;2;243;230;230m  [38;2;244;229;230m[48;2;244;229;230m [38;2;245;229;230m[48;2;242;228;229m▖[38;2;243;228;231m[48;2;243;228;231m [38;2;248;227;192m[48;2;241;220;185m▌[38;2;254;207;144m[48;2;231;184;121m▌[38;2;255;216;157m[48;2;232;193;133m▐[38;2;246;195;146m[48;2;201;150;102m▌[38;2;182;118;83m[48;2;147;90;66m▄[38;2;145;99;87m[48;2;120;75;63m▌[38;2;68;49;53m[48;2;60;41;47m▙[38;2;58;46;49m[48;2;50;40;45m▖[38;2;46;38;45m[48;2;40;32;39m▌[38;2;39;30;35m[48;2;34;26;33m▝[38;2;92;68;68m[48;2;87;63;63m▐[38;2;75;58;58m[48;2;69;52;53m▙[38;2;118;84;72m[48;2;88;66;63m▄[38;2;83;67;68m[48;2;63;50;52m▖[38;2;52;42;51m[48;2;48;39;47m▌[38;2;47;38;46m[48;2;45;35;44m▙[48;2;41;32;40m▌[38;2;34;30;36m[48;2;33;25;35m▀[38;2;71;60;73m[48;2;30;25;31m▄[38;2;128;116;131m[48;2;58;45;56m▄[38;2;132;120;135m[48;2;112;100;115m▟[38;2;140;125;136m[48;2;130;119;134m▄[38;2;143;127;139m[48;2;130;119;131m▖[38;2;113;104;122m[48;2;100;90;108m▌[38;2;94;87;107m[48;2;78;73;102m▄[38;2;82;76;103m[48;2;74;69;101m▄[38;2;91;87;109m[48;2;81;78;100m▐[38;2;104;96;110m[48;2;98;89;107m▀[38;2;96;88;106m[48;2;85;77;95m▌[38;2;71;65;92m[48;2;61;57;83m▄[38;2;60;55;84m[48;2;53;49;78m▖[38;2;79;74;94m[48;2;59;53;77m▝[38;2;100;94;105m[48;2;89;83;93m▐[38;2;100;93;104m[48;2;93;87;97m▛[38;2;101;95;105m[48;2;85;81;97m▀[38;2;105;97;109m[48;2;83;78;96m▀[38;2;101;92;106m[48;2;80;73;92m▀[38;2;90;85;101m[48;2;80;74;97m▀[38;2;77;72;96m[48;2;74;69;94m▌[38;2;83;77;97m[48;2;80;74;94m▐[38;2;83;75;92m[48;2;77;70;87m▛[38;2;91;83;97m[48;2;83;73;94m▀[38;2;113;105;117m[48;2;99;90;105m▝[38;2;116;114;117m[48;2;106;101;107m▀[38;2;108;103;107m[48;2;101;96;102m▙[38;2;109;103;111m[48;2;99;97;112m▄[38;2;95;88;108m[48;2;74;75;111m▄[38;2;86;74;105m[48;2;77;67;101m▖[38;2;237;223;238m[48;2;159;145;161m▐[38;2;235;220;230m[48;2;233;218;229m▐[38;2;239;221;234m[48;2;238;219;233m▐[38;2;242;222;237m[48;2;240;221;236m▐[48;2;242;222;237m  [48;2;240;222;237m▄[38;2;242;223;238m[48;2;241;222;237m▝[38;2;239;224;238m[48;2;242;222;237m▀[38;2;240;223;238m[48;2;240;222;237m▜[38;2;239;224;238m[48;2;239;224;238m [48;2;238;223;237m▖[38;2;238;223;237m  [38;2;239;222;238m[48;2;239;222;238m [38;2;242;222;239m[48;2;240;222;237m▀[48;2;242;222;239m  [0m
[38;2;247;231;226m[48;2;247;231;226m   [48;2;247;230;229m▄▄▄[38;2;247;230;229m     [48;2;246;229;228m▘[38;2;246;230;225m▄[38;2;246;229;228m[48;2;245;228;229m▄[38;2;249;227;188m[48;2;243;220;182m▌[38;2;251;203;140m[48;2;231;183;120m▌[38;2;255;216;161m[48;2;235;194;139m▐[38;2;215;155;120m[48;2;192;132;97m▌[38;2;172;116;94m[48;2;120;70;56m▘[38;2;115;78;73m[48;2;101;64;59m▐[38;2;89;63;61m[48;2;76;54;56m▝[38;2;113;81;72m[48;2;98;67;58m▚[38;2;97;73;70m[48;2;56;40;43m▖[38;2;63;47;51m[48;2;39;27;32m▗[38;2;103;78;80m[48;2;81;57;58m▌[38;2;86;68;69m[48;2;77;59;61m▐[38;2;92;67;64m[48;2;66;50;53m▀[38;2;71;56;62m[48;2;61;46;52m▌[38;2;51;41;49m[48;2;49;38;45m▘[38;2;49;38;45m[48;2;43;31;38m▚[38;2;122;108;117m[48;2;40;29;40m▄[38;2;165;148;158m[48;2;108;92;106m▄[38;2;146;131;148m[48;2;134;119;131m▀[38;2;134;122;137m[48;2;129;117;127m▘[38;2;134;122;130m[48;2;128;116;122m▀[38;2;136;125;131m[48;2;118;109;117m▀[38;2;127;115;123m[48;2;112;106;112m▀[38;2;113;103;116m[48;2;111;101;113m▘[38;2;107;97;116m[48;2;102;92;110m▌[38;2;102;93;110m[48;2;88;82;106m▄[38;2;97;88;106m[48;2;87;81;104m▄[38;2;101;93;107m[48;2;97;90;106m▄[38;2;95;88;104m[48;2;91;84;101m▌[38;2;88;81;101m[48;2;81;74;94m▌[38;2;69;63;90m[48;2;62;56;83m▙[38;2;63;59;85m[48;2;58;54;80m▄[38;2;86;79;96m[48;2;62;56;79m▝[38;2;88;80;94m[48;2;73;64;82m▀[38;2;75;68;85m[48;2;65;58;76m▀[38;2;77;72;89m[48;2;70;64;83m▐[38;2;73;68;90m[48;2;68;62;84m▌[38;2;68;65;90m[48;2;66;62;88m▐[38;2;69;66;91m[48;2;67;64;89m▀[38;2;72;68;93m[48;2;66;62;88m▀[38;2;81;76;94m[48;2;71;69;87m▀[38;2;85;79;96m[48;2;82;76;93m▐[38;2;103;97;108m[48;2;99;91;104m▗[38;2;102;96;106m[48;2;98;92;102m▐[38;2;110;106;111m[48;2;107;102;108m▐[38;2;122;114;118m[48;2;118;110;114m▐[38;2;99;91;102m[48;2;90;81;95m▀[38;2;116;101;124m[48;2;102;87;110m▚[38;2;220;202;221m[48;2;133;114;133m▐[38;2;238;221;231m[48;2;235;221;230m▄[38;2;239;222;232m[48;2;239;222;232m [38;2;242;222;234m[48;2;240;221;232m▞[38;2;242;222;237m[48;2;238;219;234m▀[38;2;243;223;238m[48;2;231;217;237m▀▀[38;2;242;222;237m[48;2;234;220;238m▀[48;2;232;218;237m▀[38;2;243;223;236m[48;2;219;213;239m▀[38;2;240;222;237m[48;2;216;211;240m▀[48;2;216;211;241m▀[38;2;242;223;236m[48;2;220;214;241m▀[38;2;242;223;238m▀[38;2;240;222;237m[48;2;215;210;242m▀[38;2;241;222;237m[48;2;214;211;244m▀[48;2;214;209;238m▀[48;2;212;208;239m▀[0m
[38;2;249;230;225m[48;2;250;225;224m▀[38;2;251;229;225m▀▀[38;2;248;228;224m[48;2;251;226;224m▜[38;2;249;228;224m[48;2;249;228;224m [38;2;249;230;225m[48;2;251;227;224m▀[38;2;249;230;226m[48;2;250;228;225m▘[38;2;247;229;225m[48;2;251;226;224m▀[38;2;246;230;225m[48;2;250;228;224m▀[38;2;246;229;226m[48;2;246;229;226m [38;2;246;230;225m[48;2;247;229;224m▀▀[38;2;246;230;224m[48;2;249;226;223m▀[38;2;246;228;224m[48;2;249;226;224m▀[38;2;253;219;178m[48;2;241;207;167m▌[38;2;245;202;135m[48;2;236;183;125m▀[38;2;253;216;162m[48;2;235;198;143m▐[38;2;215;156;129m[48;2;177;117;90m▌[38;2;123;77;70m[48;2;109;62;55m▌[38;2;114;74;68m[48;2;104;65;59m▟[38;2;78;52;54m[48;2;71;48;49m▄[38;2;69;53;56m[48;2;56;43;48m▝[38;2;65;48;49m[48;2;42;35;42m▀[38;2;107;83;83m[48;2;60;35;35m▐[38;2;97;71;73m[48;2;82;56;59m▌[38;2;87;68;70m[48;2;79;59;61m▜[38;2;69;52;55m[48;2;62;46;49m▌[38;2;62;49;55m[48;2;53;41;47m▌[38;2;139;122;130m[48;2;53;39;46m▄[38;2;187;170;174m[48;2;120;102;110m▟[38;2;185;169;172m[48;2;156;140;144m▀[38;2;160;144;147m[48;2;137;120;125m▘[38;2;126;114;120m[48;2;122;110;116m▀[38;2;123;111;117m[48;2;112;102;112m▀[38;2;115;104;112m[48;2;103;93;108m▀[38;2;105;97;109m[48;2;101;94;107m▘[38;2;102;94;104m[48;2;100;91;103m▛[38;2;102;94;106m[48;2;95;87;101m▀[38;2;102;94;105m[48;2;93;84;98m▀[38;2;102;94;108m[48;2;92;83;102m▀[38;2;103;95;109m[48;2;100;91;105m▜[38;2;106;97;107m[48;2;100;92;103m▀[38;2;99;92;103m[48;2;97;90;101m▌[38;2;91;85;103m[48;2;85;79;97m▌[38;2;84;77;96m[48;2;75;69;95m▄[38;2;72;67;93m[48;2;66;62;88m▙[38;2;66;62;88m[48;2;60;57;82m▖[38;2;58;54;80m[48;2;56;53;79m▌[38;2;54;51;76m[48;2;52;48;74m▄[38;2;62;56;80m[48;2;51;46;70m▝[38;2;62;57;80m[48;2;53;49;71m▀[38;2;65;61;87m[48;2;59;55;80m▜[38;2;68;65;89m[48;2;67;63;89m▙[38;2;67;63;88m[48;2;65;61;87m▖[38;2;66;62;87m[48;2;63;60;84m▐[38;2;85;81;102m[48;2;74;70;91m▐[38;2;100;97;111m[48;2;94;91;105m▐[38;2;97;91;102m[48;2;91;88;100m▀[38;2;107;101;108m[48;2;97;92;100m▐[38;2;120;113;118m[48;2;114;109;112m▝[38;2;86;79;96m[48;2;76;69;86m▌[38;2;100;90;111m[48;2;90;79;101m▐[38;2;137;120;140m[48;2;113;99;122m▝[38;2;199;189;210m[48;2;144;139;170m▀[38;2;213;209;235m[48;2;190;197;236m▀[38;2;216;213;238m[48;2;185;195;237m▀[38;2;210;212;243m[48;2;184;193;238m▀[38;2;203;208;243m[48;2;183;193;238m▀[38;2;202;209;243m▀[48;2;182;192;238m▀[38;2;201;208;244m[48;2;181;193;238m▀[38;2;199;206;244m[48;2;185;196;241m▀[38;2;201;209;245m[48;2;187;198;243m▀[38;2;201;208;246m[48;2;184;195;241m▀[38;2;200;207;245m[48;2;180;193;238m▀[38;2;197;204;243m[48;2;179;191;238m▀[38;2;196;203;242m[48;2;176;188;239m▀[38;2;195;202;243m[48;2;178;190;238m▀[38;2;190;201;240m[48;2;176;189;235m▀[38;2;187;197;239m[48;2;177;189;237m▀[0m
[38;2;217;212;232m[48;2;197;199;229m▀[38;2;216;211;229m[48;2;197;199;226m▀[38;2;218;211;229m[48;2;201;203;227m▀[38;2;224;214;229m[48;2;204;207;230m▀[38;2;225;215;228m[48;2;204;207;229m▀[38;2;225;215;230m[48;2;205;208;230m▀[38;2;230;217;228m[48;2;206;208;230m▀[38;2;236;218;226m[48;2;199;201;227m▀[38;2;242;222;224m[48;2;203;202;226m▀[38;2;239;222;223m[48;2;207;205;229m▀[38;2;240;223;224m[48;2;209;207;225m▀[38;2;243;223;225m[48;2;211;206;226m▀[38;2;249;224;223m[48;2;222;211;224m▀[38;2;249;224;222m[48;2;227;213;222m▀[38;2;249;214;168m[48;2;242;205;159m▘[38;2;240;180;125m[48;2;220;161;106m▌[38;2;246;198;149m[48;2;235;187;138m▞[38;2;195;134;112m[48;2;157;97;75m▌[38;2;119;71;61m[48;2;112;63;53m▌[38;2;137;95;87m[48;2;116;74;66m▌[38;2;78;55;59m[48;2;73;50;53m▌[38;2;86;63;62m[48;2;71;48;47m▐[38;2;96;63;55m[48;2;60;42;43m▄[38;2;127;91;90m[48;2;108;72;71m▞[38;2;137;101;90m[48;2;85;57;58m▗[38;2;143;94;77m[48;2;81;58;64m▄[38;2;93;63;66m[48;2;63;42;49m▄[38;2;187;170;180m[48;2;99;81;89m▄[38;2;195;178;186m[48;2;137;120;140m▀[38;2;142;125;135m[48;2;90;78;103m▀[38;2;121;106;117m[48;2;99;87;107m▀[38;2;114;101;114m[48;2;94;85;104m▀[38;2;105;95;108m[48;2;92;83;100m▀[38;2;102;94;105m[48;2;100;92;102m▚[38;2;111;102;110m[48;2;102;94;106m▄[38;2;119;105;112m[48;2;107;99;108m▄[38;2;117;105;111m[48;2;105;97;106m▄[38;2;103;92;103m[48;2;94;86;98m▄[38;2;85;79;96m[48;2;79;73;90m▌[38;2;81;75;95m[48;2;77;71;91m▐[38;2;97;88;105m[48;2;90;81;98m▝[38;2;98;93;103m[48;2;95;89;100m▜[38;2;101;93;104m[48;2;100;91;103m▛[38;2;100;92;103m[48;2;96;88;100m▄[38;2;94;88;101m[48;2;89;82;98m▖[38;2;81;74;97m[48;2;75;68;92m▌[38;2;69;66;91m[48;2;66;62;88m▌[38;2;62;59;85m[48;2;59;54;83m▄[38;2;61;56;86m[48;2;58;53;82m▖[38;2;58;53;81m[48;2;54;51;76m▙[38;2;56;53;79m[48;2;50;46;70m▖[38;2;55;53;72m[48;2;48;46;67m▝[38;2;64;60;82m[48;2;56;53;72m▀[38;2;65;61;83m[48;2;62;59;83m▀[38;2;71;67;92m[48;2;66;62;87m▐[38;2;82;78;100m[48;2;74;70;92m▀[38;2;91;89;104m[48;2;78;76;92m▀[38;2;99;96;109m[48;2;96;92;105m▚[38;2;107;101;109m[48;2;101;95;102m▝[38;2;105;100;104m[48;2;89;84;90m▀[38;2;79;74;90m[48;2;73;68;85m▘[38;2;86;80;103m[48;2;79;72;95m▐[38;2;104;95;119m[48;2;96;87;110m▐[38;2;131;122;152m[48;2;111;102;129m▝[38;2;160;175;220m[48;2;119;140;185m▜[38;2;161;181;232m[48;2;139;172;229m▀[38;2;157;178;232m[48;2;136;170;227m▀[38;2;158;177;234m[48;2;137;171;228m▀[48;2;138;171;228m▀[38;2;161;178;234m[48;2;146;173;229m▀[38;2;165;180;233m[48;2;153;174;231m▀[38;2;163;180;232m[48;2;152;173;227m▀[38;2;164;181;234m[48;2;151;172;229m▀[38;2;166;181;235m[48;2;150;173;229m▀[38;2;165;182;234m[48;2;144;171;227m▀[38;2;164;181;233m[48;2;140;168;224m▀[38;2;159;178;232m[48;2;140;167;226m▀[38;2;158;177;231m[48;2;140;167;227m▀[38;2;157;175;230m[48;2;143;170;224m▀[38;2;158;176;233m[48;2;145;168;224m▀[0m
[38;2;162;179;223m[48;2;144;173;218m▀[38;2;167;180;224m[48;2;146;175;221m▀[38;2;172;185;225m[48;2;150;175;218m▀[38;2;175;188;227m[48;2;151;177;220m▀[38;2;175;186;225m[48;2;154;178;222m▀[38;2;177;188;225m[48;2;158;179;221m▀[38;2;182;191;227m[48;2;159;182;223m▀[38;2;171;184;224m[48;2;156;181;222m▀[38;2;172;184;225m[48;2;154;180;221m▀[38;2;180;187;225m[48;2;161;182;223m▀[38;2;183;190;226m[48;2;162;181;223m▀[38;2;183;188;223m[48;2;169;183;222m▀[38;2;194;195;224m[48;2;177;184;222m▀[38;2;205;196;217m[48;2;190;183;203m▜[38;2;243;195;144m[48;2;230;182;132m▌[38;2;242;204;137m[48;2;234;182;120m▄[38;2;250;222;152m[48;2;238;198;139m▙[38;2;225;172;123m[48;2;166;105;75m▙[38;2;209;143;95m[48;2;145;86;65m▄[38;2;164;117;99m[48;2;113;67;48m▌[38;2;75;51;55m[48;2;65;41;45m▌[38;2;60;43;52m[48;2;51;37;46m▛[38;2;128;95;91m[48;2;66;33;29m▐[38;2;175;124;96m[48;2;164;112;90m▖[38;2;212;158;112m[48;2;197;140;96m▝[38;2;245;202;172m[48;2;195;142;103m▗[38;2;225;207;208m[48;2;178;160;160m▞[38;2;189;169;192m[48;2;115;97;124m▘[38;2;88;77;106m[48;2;79;68;97m▚[38;2;108;101;117m[48;2;91;84;103m▗[38;2;111;101;113m[48;2;103;93;108m▖[38;2;96;87;105m[48;2;89;80;98m▌[38;2;85;78;94m[48;2;76;69;87m▀[38;2;110;100;107m[48;2;98;87;95m▐[38;2;122;108;113m[48;2;118;106;106m▀[38;2;128;110;116m[48;2;121;108;108m▀[38;2;126;114;114m[48;2;123;110;110m▀[38;2;119;109;112m[48;2;110;99;102m▌[38;2;97;87;102m[48;2;88;78;94m▌[38;2;82;75;95m[48;2;81;74;91m▝[38;2;89;81;96m[48;2;85;77;92m▐[38;2;95;89;100m[48;2;92;86;98m▝[38;2;94;88;101m[48;2;89;83;96m▀[38;2;96;90;101m▀[38;2;96;88;102m[48;2;90;82;96m▘[38;2;86;79;96m[48;2;83;76;94m▌[38;2;81;74;94m[48;2;74;68;92m▄[38;2;75;72;94m[48;2;69;66;90m▄[38;2;73;69;94m[48;2;65;61;87m▄[38;2;69;66;92m[48;2;61;57;86m▄[38;2;67;63;89m[48;2;59;55;81m▄[38;2;62;59;85m[48;2;54;50;75m▄[38;2;66;62;88m[48;2;56;52;74m▄[38;2;67;63;88m[48;2;58;54;76m▄[38;2;66;62;87m[48;2;60;57;81m▖[38;2;60;56;81m[48;2;58;54;79m▀[38;2;65;61;84m[48;2;60;56;78m▐[38;2;85;81;94m[48;2;70;68;83m▀[38;2;86;80;89m[48;2;79;73;82m▚[38;2;87;81;92m[48;2;80;74;82m▄[38;2;85;79;92m[48;2;77;73;89m▄[38;2;89;82;98m[48;2;81;76;99m▄[38;2;95;90;110m[48;2;90;86;106m▐[38;2;106;101;120m[48;2;101;95;115m▐[38;2;132;150;185m[48;2;99;116;152m▐[38;2;131;172;222m[48;2;129;171;222m▗[38;2;136;173;224m[48;2;130;170;224m▄[38;2;134;172;223m[48;2;133;171;222m▛[38;2;137;172;224m[48;2;136;171;223m▗[38;2;139;171;224m[48;2;136;171;221m▜[38;2;140;171;224m[48;2;138;170;223m▞[48;2;134;169;219m▀[38;2;139;169;223m[48;2;135;168;221m▘[38;2;135;168;222m[48;2;128;166;217m▀[38;2;130;164;221m[48;2;122;161;216m▀[38;2;125;161;217m[48;2;118;159;214m▀[38;2;126;160;217m[48;2;118;158;212m▀[38;2;128;161;218m[48;2;123;160;212m▀[38;2;132;166;220m[48;2;124;159;209m▀[38;2;137;165;220m[48;2;128;162;212m▀[0m
[38;2;144;174;213m[48;2;143;173;215m▟[38;2;144;176;215m[48;2;145;175;214m▀[38;2;145;175;214m[48;2;144;174;213m▌[38;2;146;176;216m[48;2;144;174;214m▝[38;2;147;178;217m[48;2;146;176;215m▀[38;2;150;180;219m▀[38;2;145;175;215m[48;2;143;173;211m▀[38;2;146;177;216m▀[38;2;144;174;213m[48;2;144;174;213m [38;2;146;175;215m[48;2;144;174;212m▝[38;2;152;178;217m[48;2;146;172;212m▝[38;2;160;180;216m[48;2;151;171;207m▀[38;2;167;177;215m[48;2;159;173;209m▀[38;2;209;199;201m[48;2;186;176;178m▐[38;2;244;194;129m[48;2;239;189;124m▚[38;2;250;211;146m[48;2;235;196;131m▐[38;2;249;232;156m[48;2;243;205;140m▀[38;2;241;204;130m[48;2;223;166;103m▀[38;2;215;149;99m[48;2;198;138;96m▀[38;2;134;91;77m[48;2;103;60;46m▌[38;2;87;58;54m[48;2;64;44;49m▄[38;2;60;44;50m[48;2;51;35;40m▌[38;2;160;117;106m[48;2;117;74;62m▐[38;2;110;75;70m[48;2;76;47;47m▛[38;2;152;132;134m[48;2;98;65;61m▗[38;2;233;212;213m[48;2;170;149;150m▞[38;2;178;161;181m[48;2;109;93;115m▘[38;2;87;74;103m[48;2;76;64;95m▘[38;2;88;79;105m[48;2;80;71;97m▐[38;2;102;92;107m[48;2;88;79;96m▀[38;2;96;85;100m[48;2;78;70;93m▀[38;2;77;70;90m[48;2;59;53;80m▀[38;2;60;52;76m[48;2;45;42;67m▀[38;2;83;76;90m[48;2;61;53;68m▐[38;2;103;92;97m[48;2;84;73;84m▀[38;2;108;94;98m[48;2;91;80;88m▀[38;2;112;99;102m[48;2;96;86;92m▀[38;2;109;100;104m[48;2;100;91;94m▀[38;2;94;85;94m[48;2;87;77;87m▌[38;2;83;76;88m[48;2;81;75;88m▟[38;2;90;83;95m[48;2;85;79;90m▐[38;2;102;91;102m[48;2;94;85;96m▗[38;2;94;87;99m[48;2;88;81;94m▌[38;2;82;75;92m[48;2;76;69;89m▛[38;2;84;77;94m[48;2;79;72;89m▀[38;2;86;79;97m[48;2;82;75;95m▜[38;2;87;80;100m[48;2;84;77;97m▙[38;2;83;78;101m[48;2;80;76;98m▄[38;2;83;80;102m[48;2;78;74;96m▄[38;2;87;84;103m[48;2;77;74;96m▄[38;2;87;85;103m[48;2;75;72;94m▄[38;2;86;83;102m[48;2;75;72;96m▄[48;2;75;71;96m▄[48;2;78;75;99m▄[38;2;93;89;106m[48;2;81;77;100m▄[38;2;104;98;109m[48;2;79;75;97m▄[38;2;108;102;110m[48;2;82;79;96m▄[38;2;109;104;110m[48;2;89;88;99m▄[38;2;106;102;108m[48;2;93;89;97m▄[38;2;104;100;105m[48;2;97;91;102m▄[38;2;102;97;103m[48;2;93;87;97m▄[38;2;101;95;103m[48;2;92;89;99m▄[38;2;103;98;108m[48;2;99;94;104m▄[38;2;104;101;111m[48;2;101;97;108m▄[38;2;109;117;132m[48;2;95;99;106m▝[38;2;111;144;160m[48;2;88;111;90m▀[38;2;110;140;153m[48;2;94;124;94m▀[38;2;107;138;148m[48;2;95;128;97m▀[38;2;116;150;162m[48;2;95;130;99m▀[38;2;109;139;150m[48;2;96;129;98m▀[38;2;114;144;161m[48;2;95;127;97m▀[38;2;109;140;147m[48;2;95;129;94m▀[38;2;109;138;144m[48;2;96;130;95m▀[38;2;108;139;142m[48;2;94;130;95m▀[38;2;107;141;145m[48;2;92;125;90m▀[38;2;109;140;145m[48;2;95;129;92m▀[38;2;107;138;142m[48;2;95;129;94m▀[38;2;108;138;137m[48;2;98;132;95m▀[38;2;105;137;129m[48;2;90;123;89m▀[38;2;107;137;133m[48;2;94;128;93m▀[0m
[38;2;149;178;195m[48;2;139;168;110m▀[38;2;148;178;188m[48;2;133;162;99m▀[38;2;144;175;179m[48;2;131;161;96m▀[38;2;145;177;184m[48;2;131;160;97m▀[38;2;148;177;181m[48;2;127;156;93m▀[38;2;142;172;171m[48;2;125;156;88m▀[38;2;147;176;185m[48;2;135;163;97m▀[38;2;144;175;179m[48;2;126;156;91m▀[38;2;147;177;176m[48;2;136;160;93m▀[38;2;145;173;159m[48;2;136;160;88m▀[38;2;140;167;158m[48;2;140;162;91m▀[38;2;152;171;163m[48;2;144;159;85m▀[38;2;159;173;161m[48;2;153;160;82m▀[38;2;227;202;148m[48;2;212;188;134m▐[38;2;242;189;121m[48;2;236;184;116m▌[38;2;242;191;136m[48;2;211;157;111m▛[38;2;196;132;100m[48;2;145;85;71m▀[38;2;143;87;67m[48;2;106;59;55m▀[38;2;125;80;71m[48;2;97;60;56m▛[38;2;92;58;56m[48;2;70;47;53m▀[38;2;84;58;57m[48;2;53;39;46m▀[38;2;80;57;60m[48;2;67;44;46m▚[38;2;133;93;88m[48;2;128;87;83m▐[38;2;176;151;146m[48;2;95;67;65m▗[38;2;240;225;224m[48;2;183;167;166m▞[38;2;156;139;152m[48;2;125;108;121m▌[38;2;128;114;134m[48;2;81;66;94m▄[38;2;110;97;122m[48;2;69;60;90m▄[38;2;95;83;114m▄[38;2;81;75;102m[48;2;75;68;94m▖[38;2;70;62;88m[48;2;58;50;77m▌[38;2;50;46;72m[48;2;46;42;68m▀[38;2;45;41;66m[48;2;40;36;61m▌[38;2;47;41;65m[48;2;37;33;55m▝[38;2;66;58;72m[48;2;51;44;62m▀[38;2;73;65;74m[48;2;59;53;66m▀[38;2;88;79;86m[48;2;79;70;77m▐[38;2;95;86;89m[48;2;87;77;85m▀[38;2;88;79;87m[48;2;83;74;82m▘[38;2;91;82;90m[48;2;85;75;85m▄[38;2;93;85;94m[48;2;91;80;91m▄[38;2;114;105;111m[48;2;100;90;96m▐[38;2;127;113;117m[48;2;107;98;103m▄[38;2;97;88;105m[48;2;84;77;94m▖[38;2;87;80;100m[48;2;80;71;95m▄[38;2;90;83;101m[48;2;85;78;98m▄[38;2;91;84;102m[48;2;88;81;100m▗[38;2;96;89;106m[48;2;88;83;103m▄[38;2;99;92;109m[48;2;91;87;104m▄[38;2;100;93;109m[48;2;94;89;105m▖[38;2;96;91;108m[48;2;95;90;107m▜[38;2;94;91;107m[48;2;93;90;105m▖[38;2;95;93;108m[48;2;91;89;105m▄[38;2;96;94;110m[48;2;93;90;109m▄[38;2;102;95;109m[48;2;98;91;108m▟[38;2;111;105;116m[48;2;107;101;111m▐[38;2;118;112;121m[48;2;115;109;117m▐[38;2;123;116;123m[48;2;117;112;118m▄[38;2;117;112;118m[48;2;114;109;115m▄[38;2;122;117;123m[48;2;117;112;118m▗[38;2;125;116;119m[48;2;115;110;111m▄[38;2;121;114;118m[48;2;109;104;110m▄[38;2;114;109;115m[48;2;107;101;109m▄[38;2;112;108;113m[48;2;109;104;111m▖[38;2;91;88;98m[48;2;82;76;89m▀[38;2;91;102;95m[48;2;84;90;93m▛[38;2;87;120;89m[48;2;49;75;62m▀[38;2;83;118;87m[48;2;43;76;61m▀[38;2;77;112;82m[48;2;45;75;62m▀[38;2;81;116;86m[48;2;43;73;60m▀[38;2;85;119;88m[48;2;46;76;64m▀[48;2;47;77;62m▀[38;2;87;123;88m[48;2;50;82;65m▀[38;2;83;116;84m[48;2;47;80;62m▀[38;2;85;118;87m[48;2;54;86;65m▀[38;2;81;117;82m[48;2;49;79;64m▀[38;2;74;109;79m[48;2;45;75;60m▀[38;2;83;116;81m[48;2;51;81;64m▀[38;2;84;116;80m[48;2;51;85;64m▀[38;2;83;117;82m[48;2;56;88;66m▀[0m
[38;2;133;162;90m[48;2;130;157;85m▗[38;2;138;162;90m[48;2;120;148;80m▄[38;2;138;163;88m[48;2;125;153;85m▄[38;2;136;161;86m[48;2;113;144;76m▄[38;2;144;167;91m[48;2;121;149;83m▄[38;2;152;172;93m[48;2;132;157;85m▄[38;2;155;175;92m[48;2;135;159;85m▄[38;2;166;180;99m[48;2;141;163;90m▄[38;2;169;183;102m[48;2;143;163;87m▄[38;2;184;194;111m[48;2;151;170;91m▄[38;2;184;192;107m[48;2;162;174;92m▄[38;2;193;199;115m[48;2;168;175;93m▄[38;2;215;213;129m[48;2;189;191;106m▄[38;2;246;209;138m[48;2;232;196;125m▌[38;2;249;220;154m[48;2;246;203;133m▄[38;2;217;162;129m[48;2;172;116;83m▌[38;2;120;72;63m[48;2;107;58;50m▌[38;2;108;71;66m[48;2;91;54;49m▐[38;2;93;65;67m[48;2;76;48;50m▌[38;2;68;49;55m[48;2;55;39;46m▘[38;2;49;38;43m[48;2;46;34;40m▀[38;2;120;91;86m[48;2;69;40;35m▐[38;2;135;96;90m[48;2;128;89;83m▌[38;2;241;221;216m[48;2;124;105;99m▐[38;2;221;209;212m[48;2;203;191;194m▌[38;2;199;185;195m[48;2;158;144;153m▛[38;2;160;146;164m[48;2;118;106;121m▀[38;2;120;107;126m[48;2;112;100;118m▘[38;2;106;96;114m[48;2;99;88;110m▄[38;2;105;94;112m[48;2;90;82;108m▄[38;2;102;93;114m[48;2;86;78;104m▄[38;2;75;70;99m[48;2;53;49;75m▄[38;2;40;36;60m[48;2;34;30;54m▌[38;2;34;32;51m[48;2;32;30;46m▀[38;2;39;34;54m[48;2;30;27;46m▀[38;2;42;37;55m[48;2;29;26;45m▀[38;2;59;52;69m▀[38;2;62;54;66m[48;2;34;29;45m▀[38;2;86;77;87m[48;2;68;59;68m▐[38;2;105;94;100m[48;2;100;88;96m▀[38;2;95;87;96m[48;2;88;80;92m▀[38;2;113;103;112m[48;2;93;84;93m▐[38;2;137;124;126m[48;2;131;118;118m▀[38;2;107;101;109m[48;2;91;85;93m▌[38;2;91;84;101m[48;2;87;82;99m▀[48;2;89;82;98m▜[38;2;98;91;108m[48;2;94;87;103m▗[38;2;101;94;110m[48;2;97;90;107m▟[38;2;104;98;111m[48;2;103;97;110m▙[38;2;102;96;109m[48;2;100;94;107m▌[38;2;95;90;107m[48;2;94;89;105m▄[38;2;98;96;111m[48;2;95;93;108m▗[38;2;101;98;113m[48;2;98;96;111m▄[38;2;107;103;116m[48;2;103;100;112m▐[38;2;111;106;118m[48;2;109;103;116m▄[38;2;114;109;119m[48;2;110;104;114m▄[38;2;119;113;124m[48;2;116;110;121m▐[38;2;127;120;126m[48;2;125;118;124m▐[38;2;128;121;125m[48;2;123;116;121m▄[38;2;124;119;125m[48;2;120;116;122m▄[38;2;122;117;123m[48;2;124;115;118m▄[38;2;125;116;119m[48;2;122;115;119m▀[38;2;123;118;120m[48;2;118;113;117m▙[38;2;117;113;117m[48;2;104;100;104m▌[38;2;65;61;79m[48;2;56;54;73m▛[38;2;90;91;100m[48;2;78;80;87m▐[38;2;64;84;75m[48;2;45;66;57m▌[38;2;41;72;59m[48;2;40;68;57m▀[38;2;43;73;58m[48;2;40;70;55m▜[38;2;46;76;59m[48;2;44;74;59m▄[38;2;45;75;60m[48;2;42;73;57m▞[38;2;45;75;61m[48;2;42;73;59m▚[38;2;51;84;63m[48;2;43;75;60m▄[38;2;47;80;62m[48;2;47;77;62m▄[38;2;46;76;60m[48;2;42;73;58m▛[38;2;47;77;62m[48;2;40;71;57m▘[38;2;44;74;59m[48;2;40;70;55m▐[38;2;44;74;58m[48;2;42;73;56m▞[38;2;47;78;62m[48;2;45;75;60m▐[38;2;48;79;61m[48;2;46;76;59m▖[0m
[38;2;167;186;106m[48;2;147;169;98m▀[38;2;185;196;120m[48;2;163;181;109m▀[38;2;182;195;121m[48;2;174;187;114m▚[38;2;194;204;127m[48;2;189;199;122m▞[38;2;191;200;117m[48;2;188;196;123m▀[38;2;196;201;124m[48;2;189;198;116m▄[38;2;204;207;126m[48;2;192;198;117m▖[38;2;205;212;133m[48;2;196;203;124m▐[38;2;225;220;142m[48;2;201;210;128m▄[38;2;224;221;137m▄[38;2;230;222;131m[48;2;194;204;118m▄[38;2;216;211;119m[48;2;195;203;118m▄[38;2;239;228;148m[48;2;215;205;124m▐[38;2;255;230;164m[48;2;237;203;134m▗[38;2;253;227;156m[48;2;242;213;143m▌[38;2;225;168;126m[48;2;165;109;66m▌[38;2;137;85;67m[48;2;105;57;54m▄[38;2;122;81;72m[48;2;102;65;59m▖[38;2;77;54;59m[48;2;64;41;46m▌[38;2;50;38;44m[48;2;46;33;39m▌[38;2;55;41;48m[48;2;46;32;39m▗[38;2;121;85;81m[48;2;106;70;66m▐[38;2;158;126;124m[48;2;117;82;81m▗[38;2;226;210;209m[48;2;186;170;169m▞[38;2;196;182;189m[48;2;166;146;163m▀[38;2;150;134;151m[48;2;129;111;132m▘[38;2;121;104;122m[48;2;113;95;113m▚[38;2;124;108;120m[48;2;98;86;106m▄[38;2;88;81;103m[48;2;74;66;91m▛[38;2;83;74;95m[48;2;56;47;73m▀[38;2;95;84;104m[48;2;60;46;65m▜[38;2;120;113;133m[48;2;83;78;106m▖[38;2;63;60;85m[48;2;32;29;54m▌[38;2;40;37;49m[48;2;25;20;36m▗[38;2;72;57;73m[48;2;30;23;39m▄[38;2;46;34;54m[48;2;25;20;40m▄[38;2;49;37;56m[48;2;26;19;39m▄[38;2;58;49;67m[48;2;31;27;44m▄[38;2;67;57;75m[48;2;51;44;61m▄[38;2;72;61;76m[48;2;64;54;73m▝[38;2;69;60;78m[48;2;59;53;79m▀[38;2;90;81;99m[48;2;74;66;83m▐[38;2;110;99;107m[48;2;94;86;100m▀[38;2;91;86;98m[48;2;85;79;94m▘[38;2;87;81;98m[48;2;85;79;96m▐[38;2;91;84;101m[48;2;89;82;99m▐[38;2;96;89;106m[48;2;92;85;101m▐[38;2;103;96;112m[48;2;100;93;109m▀[38;2;105;100;112m[48;2;103;97;110m▐[38;2;104;98;111m[48;2;102;96;109m▙[38;2;103;97;110m[48;2;101;95;108m▄[38;2;107;101;114m[48;2;103;99;112m▄[38;2;103;98;115m[48;2;102;97;113m▀[38;2;104;101;117m[48;2;102;99;115m▐[38;2;109;104;118m[48;2;107;102;118m▜[38;2;116;110;123m[48;2;115;109;122m▐[38;2;118;112;123m[48;2;116;110;121m▀[38;2;125;119;127m[48;2;118;113;123m▝[38;2;128;123;129m[48;2;121;116;124m▀[38;2;126;122;127m[48;2;124;119;125m▀[38;2;126;122;128m▚[38;2;124;119;123m[48;2;119;115;118m▖[38;2;122;117;119m[48;2;120;116;118m▐[38;2;122;117;121m[48;2;110;105;109m▌[38;2;67;63;81m[48;2;47;44;62m▌[38;2;82;82;96m[48;2;61;59;75m▝[38;2;69;81;79m[48;2;53;66;63m▌[38;2;38;66;53m[48;2;36;64;51m▐[38;2;41;70;60m[48;2;37;68;56m▗[38;2;44;74;59m[48;2;41;72;58m▝[38;2;48;79;63m[48;2;43;73;58m▗[38;2;47;79;58m[48;2;44;74;59m▄[38;2;44;74;59m[48;2;44;72;55m▀[38;2;47;77;57m[48;2;41;72;56m▄[38;2;48;80;57m[48;2;38;68;53m▄[38;2;49;81;59m[48;2;39;69;56m▄[38;2;51;80;59m[48;2;40;68;54m▄[38;2;40;68;50m[48;2;38;66;52m▙[38;2;40;68;52m[48;2;36;64;50m▄[38;2;46;78;55m[48;2;38;66;49m▄[0m
[38;2;153;182;110m[48;2;142;172;96m▄[38;2;150;179;103m[48;2;137;169;92m▄[38;2;149;180;101m[48;2;131;163;86m▄[38;2;152;179;98m[48;2;126;158;78m▄[38;2;144;176;99m[48;2;126;155;83m▄[38;2;147;176;100m[48;2;133;157;85m▄[38;2;143;169;89m[48;2;140;160;84m▄[38;2;170;186;106m[48;2;157;173;93m▐[38;2;171;184;111m[48;2;157;181;95m▀[38;2;174;185;100m[48;2;165;181;87m▜[38;2;181;188;97m[48;2;173;180;89m▐[38;2;196;203;108m[48;2;184;185;91m▗[38;2;245;227;147m[48;2;237;220;140m▞[38;2;255;248;183m[48;2;244;232;167m▞[38;2;246;211;136m[48;2;230;190;117m▛[38;2;231;173;115m[48;2;205;145;93m▘[38;2;217;155;107m[48;2;193;133;89m▗[38;2;210;152;108m[48;2;183;124;81m▌[38;2;162;104;79m[48;2;123;80;69m▄[38;2;118;72;62m[48;2;69;43;48m▄[38;2;130;84;72m[48;2;78;53;55m▄[38;2;124;86;83m[48;2;108;70;67m▐[38;2;200;178;180m[48;2;139;115;112m▟[38;2;202;183;193m[48;2;191;172;182m▞[38;2;157;137;159m[48;2;99;79;103m▘[38;2;97;81;104m[48;2;69;50;74m▀[38;2;189;164;169m[48;2;158;132;137m▐[38;2;190;167;159m[48;2;169;143;146m▄[38;2;135;116;132m[48;2;80;62;77m▌[38;2;40;28;45m[48;2;31;19;35m▌[38;2;91;81;89m[48;2;39;28;36m▐[38;2;161;147;148m[48;2;121;107;108m▐[38;2;147;137;146m[48;2;98;88;98m▌[38;2;100;87;104m[48;2;63;49;67m▐[38;2;93;77;92m[48;2;75;59;74m▌[38;2;74;57;77m[48;2;63;49;68m▄[38;2;68;56;79m[48;2;61;50;69m▄[38;2;68;59;80m[48;2;67;55;75m▄[38;2;69;60;79m[48;2;67;56;81m▀[38;2;61;54;79m[48;2;60;52;75m▙[38;2;61;57;83m[48;2;57;54;80m▐[38;2;85;78;96m[48;2;74;67;84m▐[38;2;93;87;97m[48;2;93;84;96m▄[38;2;90;84;97m[48;2;89;80;97m▄[38;2;94;87;103m[48;2;90;83;99m▄[48;2;92;85;101m▄[38;2;95;88;104m[48;2;93;86;102m▐[38;2;101;94;110m[48;2;97;90;107m▗[38;2;104;98;111m[48;2;102;96;109m▐[38;2;104;98;110m[48;2;104;98;110m [38;2;105;100;112m[48;2;104;98;111m▐[38;2;105;98;115m[48;2;101;96;113m▀[38;2;100;97;116m[48;2;97;95;114m▐[38;2;104;102;118m[48;2;101;99;116m▝[38;2;108;105;120m[48;2;104;102;117m▝[38;2;110;107;119m▀[38;2;113;108;120m[48;2;106;103;118m▀[38;2;113;108;118m[48;2;109;104;121m▀[38;2;116;110;120m[48;2;112;107;118m▝[38;2;121;116;125m[48;2;117;111;121m▐[38;2;125;120;126m[48;2;123;118;124m▐[38;2;127;123;126m[48;2;125;120;124m▙[38;2;127;123;124m[48;2;123;118;119m▖[38;2;122;117;118m[48;2;119;115;116m▚[38;2;99;94;105m[48;2;48;42;54m▌[38;2;56;50;74m[48;2;38;32;55m▐[38;2;90;85;104m[48;2;76;73;92m▐[38;2;101;100;111m[48;2;74;85;86m▄[38;2;80;94;87m[48;2;44;68;60m▄[38;2;54;89;61m[48;2;39;69;54m▄[38;2;61;103;66m[48;2;44;75;60m▄[38;2;61;99;63m[48;2;47;79;58m▄[38;2;56;91;63m[48;2;46;74;58m▄[38;2;58;93;62m[48;2;48;80;59m▄[38;2;61;98;67m[48;2;48;80;58m▄[38;2;56;91;63m[48;2;49;78;59m▄[38;2;50;82;61m[48;2;46;77;56m▄[38;2;44;74;55m[48;2;42;72;53m▌[38;2;47;79;58m[48;2;42;71;53m▗[38;2;55;87;65m[48;2;44;72;55m▄[0m
[38;2;181;202;117m[48;2;152;185;101m▄[38;2;181;203;109m[48;2;155;188;104m▄[38;2;186;208;116m[48;2;168;199;113m▄[48;2;173;203;123m▄[48;2;168;199;119m▄[38;2;185;207;112m[48;2;170;196;117m▄[38;2;182;203;117m[48;2;172;197;119m▄[38;2;193;209;124m[48;2;175;201;123m▄[38;2;188;209;118m[48;2;183;204;113m▐[38;2;195;210;117m[48;2;192;204;116m▟[38;2;202;214;126m[48;2;198;210;122m▐[38;2;236;230;149m[48;2;207;210;124m▟[38;2;253;238;168m[48;2;234;217;147m▐[38;2;252;228;156m[48;2;225;196;124m▌[38;2;249;194;129m[48;2;215;160;95m▌[38;2;204;136;94m[48;2;194;126;84m▌[38;2;222;160;111m[48;2;197;135;87m▐[38;2;214;150;111m[48;2;183;120;80m▌[38;2;165;106;85m[48;2;129;75;59m▛[38;2;140;90;77m[48;2;118;68;55m▐[38;2;141;92;81m[48;2;124;75;64m▌[38;2;158;119;115m[48;2;125;86;83m▐[38;2;178;155;159m[48;2;134;108;112m▛[38;2;186;164;171m[48;2;146;122;130m▜[38;2;107;87;110m[48;2;85;64;88m▌[38;2;77;57;81m[48;2;53;33;56m▌[38;2;202;183;180m[48;2;116;97;93m▐[38;2;199;175;164m[48;2;177;154;144m▀[38;2;150;132;142m[48;2;113;95;104m▌[38;2;56;43;60m[48;2;41;29;46m▌[38;2;125;93;87m[48;2;61;40;45m▗[38;2;115;89;93m[48;2;93;56;55m▛[38;2;91;73;88m[48;2;73;55;69m▚[38;2;122;105;122m[48;2;73;56;80m▟[38;2;112;93;111m[48;2;100;82;99m▌[38;2;90;76;96m[48;2;83;69;88m▄[38;2;80;68;90m[48;2;71;62;83m▄[38;2;74;64;85m[48;2;70;61;82m▄[38;2;69;61;87m[48;2;67;59;84m▄[38;2;70;64;89m[48;2;64;59;84m▄[38;2;88;81;98m[48;2;72;66;90m▄[38;2;107;96;109m[48;2;93;84;102m▄[38;2;104;97;104m[48;2;97;91;102m▄[38;2;98;93;105m[48;2;94;88;101m▖[38;2;95;88;104m[48;2;95;88;104m [48;2;94;87;103m▄[48;2;92;85;101m▐[38;2;102;95;111m[48;2;99;92;108m▐[38;2;108;102;115m[48;2;104;98;111m▗[38;2;110;104;115m[48;2;107;101;111m▄[38;2;107;101;113m[48;2;103;97;110m▖[38;2;100;95;114m[48;2;98;94;112m▌[38;2;98;96;115m[48;2;98;96;115m [38;2;103;101;117m[48;2;101;98;114m▐[38;2;107;102;118m[48;2;104;102;117m▄[38;2;110;105;122m[48;2;105;103;118m▄[48;2;106;103;118m▄[38;2;108;107;118m[48;2;108;105;117m▘[38;2;107;104;116m[48;2;104;103;115m▛[38;2;116;110;120m[48;2;111;105;117m▝[38;2;120;116;121m[48;2;116;110;118m▀[38;2;125;121;127m[48;2;121;116;124m▀[38;2;128;123;125m[48;2;124;119;123m▜[38;2;126;122;123m[48;2;125;120;122m▄[38;2;120;115;120m[48;2;83;78;83m▌[38;2;47;42;64m[48;2;40;35;57m▞[38;2;81;75;99m[48;2;62;56;79m▐[38;2;92;90;105m[48;2;80;75;95m▀[38;2;95;96;102m[48;2;76;73;86m▜[38;2;107;120;97m[48;2;88;112;82m▗[38;2;109;139;81m[48;2;81;124;75m▄[38;2;111;141;78m[48;2;81;121;71m▄[38;2;113;144;77m[48;2;78;119;69m▄[38;2;111;145;81m[48;2;87;131;80m▄[38;2;106;139;78m[48;2;86;130;76m▄[38;2;90;131;74m[48;2;83;124;67m▌[38;2;99;138;76m[48;2;75;118;72m▄[38;2;110;145;78m[48;2;63;101;63m▄[38;2;109;142;78m[48;2;67;109;67m▄[38;2;97;135;74m[48;2;80;124;76m▄[0m
[38;2;213;223;119m[48;2;199;208;105m▐[38;2;222;240;116m[48;2;200;217;109m▄[38;2;224;240;116m[48;2;202;219;110m▄[38;2;225;242;117m[48;2;203;219;114m▄[38;2;221;237;110m[48;2;198;217;106m▄[38;2;214;231;104m[48;2;194;213;100m▄[38;2;213;227;104m[48;2;193;212;103m▄[38;2;219;233;109m[48;2;199;215;106m▄[38;2;229;243;117m[48;2;203;219;103m▄[38;2;229;241;116m[48;2;204;220;102m▄[38;2;241;241;141m[48;2;214;223;114m▄[38;2;249;235;164m[48;2;232;216;145m▚[38;2;253;241;168m[48;2;232;211;136m▛[38;2;240;193;117m[48;2;238;188;116m▀[38;2;226;161;109m[48;2;206;141;89m▌[38;2;200;130;91m[48;2;190;120;80m▐[38;2;221;156;107m[48;2;204;139;90m▞[38;2;186;120;95m[48;2;155;89;63m▌[38;2;139;86;81m[48;2;99;44;48m▘[38;2;223;166;132m[48;2;122;69;53m▗[38;2;214;154;120m[48;2;170;110;76m▌[38;2;169;123;119m[48;2;116;70;67m▐[38;2;206;177;173m[48;2;171;142;138m▌[38;2;192;161;158m[48;2;136;105;103m▐[38;2;204;181;169m[48;2;162;135;140m▄[38;2;172;147;147m[48;2;134;109;109m▌[38;2;145;122;127m[48;2;68;47;53m▝[38;2;175;150;147m[48;2;147;124;127m▀[38;2;136;118;126m[48;2;106;92;101m▀[38;2;90;68;74m[48;2;51;38;51m▙[38;2;183;129;101m[48;2;126;79;54m▟[38;2;157;115;95m[48;2;90;55;48m▘[38;2;171;144;151m[48;2;113;86;93m▐[38;2;156;132;149m[48;2;141;116;134m▌[38;2;126;106;123m[48;2;115;95;113m▌[38;2;101;87;106m[48;2;95;79;99m▄[38;2;90;78;98m[48;2;85;73;95m▄[38;2;81;71;92m[48;2;77;68;89m▌[38;2;76;68;91m[48;2;73;65;89m▗[38;2;89;82;102m[48;2;78;70;94m▗[38;2;108;100;110m[48;2;98;90;100m▐[38;2;118;109;114m[48;2;111;102;110m▄[48;2;112;103;109m▄[38;2;106;99;110m[48;2;100;93;104m▌[38;2;106;98;109m[48;2;99;92;108m▄[38;2;108;100;111m[48;2;100;94;107m▄[38;2;106;97;109m[48;2;101;95;108m▄[38;2;109;101;113m[48;2;104;98;111m▟[38;2;120;112;122m[48;2;111;103;114m▗[38;2;121;111;121m[48;2;115;107;118m▄[38;2;117;109;120m[48;2;110;102;116m▖[38;2;109;103;116m[48;2;104;97;114m▄[38;2;108;102;115m[48;2;103;98;115m▄[38;2;111;106;118m[48;2;105;101;117m▄[38;2;116;110;123m[48;2;112;106;119m▄[48;2;115;109;122m▄[38;2;115;109;120m[48;2;112;107;118m▌[38;2;113;108;120m[48;2;109;105;118m▖[38;2;106;104;116m[48;2;106;104;116m [38;2;108;107;118m▝[38;2;113;109;121m[48;2;109;105;118m▜[38;2;119;114;122m[48;2;114;110;121m▀[38;2;123;118;124m[48;2;120;114;123m▀[38;2;126;121;125m[48;2;122;117;123m▀[38;2;127;122;125m[48;2;116;111;115m▙[38;2;84;78;89m[48;2;52;46;57m▌[38;2;73;67;91m[48;2;57;51;74m▐[38;2;65;60;79m[48;2;44;39;58m▌[38;2;84;80;96m[48;2;54;47;64m▝[38;2;104;105;100m[48;2;83;80;88m▜[38;2;108;128;73m[48;2;93;105;73m▀[38;2;110;134;69m[48;2;95;112;65m▀[38;2;114;137;69m[48;2;91;106;57m▀[38;2;111;135;70m[48;2;97;110;60m▀[38;2;116;139;76m[48;2;98;114;58m▀[38;2;112;135;75m[48;2;101;117;59m▀[38;2;114;139;74m[48;2;100;116;58m▀[38;2;131;150;80m[48;2;108;123;69m▀[38;2;130;149;80m[48;2;110;125;67m▀[38;2;114;138;73m[48;2;108;125;64m▀[0m
[38;2;212;219;99m[48;2;187;193;73m▌[38;2;229;249;117m[48;2;217;228;101m▀[38;2;234;251;113m[48;2;225;239;103m▛[38;2;233;252;116m[48;2;224;238;100m▀[38;2;236;251;114m[48;2;233;249;105m▛[38;2;235;253;117m[48;2;232;248;110m▘[38;2;236;253;119m[48;2;231;246;110m▝[38;2;243;254;118m[48;2;240;252;121m▗[38;2;244;255;117m[48;2;240;253;119m▖[38;2;241;252;130m[48;2;237;250;118m▄[38;2;252;245;166m[48;2;244;237;158m▌[38;2;248;243;168m[48;2;248;227;147m▀[38;2;252;215;142m[48;2;222;184;110m▌[38;2;238;183;116m[48;2;221;164;101m▛[38;2;206;136;96m[48;2;196;127;86m▌[38;2;212;144;104m[48;2;183;115;76m▐[38;2;220;152;110m[48;2;191;122;81m▌[38;2;170;99;87m[48;2;137;65;53m▌[38;2;228;164;129m[48;2;125;61;50m▗[38;2;237;176;114m[48;2;230;169;107m▞[38;2;238;178;120m[48;2;208;145;103m▄[38;2;204;151;141m[48;2;147;93;83m▝[38;2;215;189;175m[48;2;169;143;129m▌[38;2;158;128;121m[48;2;138;108;101m▞[38;2;206;185;177m[48;2;182;160;153m▌[38;2;170;148;144m[48;2;159;137;133m▌[38;2;109;91;97m[48;2;54;37;42m▌[38;2;67;49;55m[48;2;36;25;33m▀[38;2;65;46;59m[48;2;41;27;36m▀[38;2;173;125;106m[48;2;117;69;49m▐[38;2;158;114;98m[48;2;103;58;42m▌[38;2;105;78;85m[48;2;65;39;45m▐[38;2;193;172;181m[48;2;176;151;162m▖[38;2;160;136;152m[48;2;147;123;138m▌[38;2;133;111;130m[48;2;125;103;121m▌[38;2;114;98;117m[48;2;107;91;110m▌[38;2;99;87;106m[48;2;95;82;102m▌[38;2;91;79;99m[48;2;85;73;95m▄[38;2;93;84;101m[48;2;83;73;92m▄[38;2;105;94;107m[48;2;94;85;103m▄[38;2;125;112;115m[48;2;112;101;107m▟[38;2;137;121;122m[48;2;127;113;118m▄[38;2;131;119;121m[48;2;120;109;112m▙[38;2;126;113;116m[48;2;115;103;111m▄[38;2;135;122;122m[48;2;121;110;115m▄[38;2;132;118;122m[48;2;121;109;117m▄[38;2;124;112;118m[48;2;116;104;112m▄[38;2;128;117;125m[48;2;117;108;116m▄[38;2;132;121;126m[48;2;123;114;122m▄[38;2;133;122;128m[48;2;125;116;124m▄[38;2;127;118;126m[48;2;120;111;121m▄[38;2;123;114;122m[48;2;115;107;118m▄[38;2;123;112;123m[48;2;112;107;119m▄[48;2;116;110;123m▄[38;2;124;114;124m[48;2;118;112;123m▄[38;2;123;115;124m[48;2;118;111;122m▖[38;2;118;111;121m[48;2;118;111;121m [38;2;122;111;122m[48;2;116;110;120m▄[38;2;118;110;122m[48;2;114;108;118m▄[38;2;114;109;119m[48;2;110;104;117m▄[38;2;109;105;117m[48;2;108;104;116m▞[38;2;112;109;119m[48;2;109;105;116m▀[38;2;117;114;124m[48;2;115;111;122m▐[38;2;122;117;123m[48;2;120;116;122m▜[38;2;127;122;125m[48;2;122;117;121m▐[38;2;126;121;127m[48;2;89;84;90m▌[38;2;59;53;67m[48;2;39;33;41m▛[38;2;46;42;55m[48;2;23;18;29m▘[38;2;41;36;50m[48;2;24;19;34m▐[38;2;91;82;97m[48;2;67;59;73m▐[38;2;122;124;101m[48;2;103;108;82m▗[38;2;134;149;74m[48;2;101;121;66m▄[38;2;132;146;75m[48;2;95;111;57m▄[38;2;151;154;66m[48;2;106;118;54m▄[38;2;143;150;68m[48;2;99;112;52m▄[38;2;132;145;70m[48;2;95;110;52m▄[38;2;130;143;70m[48;2;94;110;52m▄[38;2;108;124;59m[48;2;88;105;51m▄[38;2;104;117;55m[48;2;84;98;48m▄[38;2;110;121;58m[48;2;82;96;46m▄[0m
[38;2;193;180;85m[48;2;166;153;58m▌[38;2;218;220;103m[48;2;207;200;91m▀[38;2;222;230;102m[48;2;203;199;84m▀[38;2;215;221;87m[48;2;196;186;73m▀[38;2;222;229;89m[48;2;196;189;70m▀[38;2;220;225;92m[48;2;202;196;75m▀[38;2;225;231;95m[48;2;210;205;81m▀[38;2;224;229;97m[48;2;216;210;89m▀[38;2;233;238;98m[48;2;219;210;85m▀[38;2;253;254;174m[48;2;232;232;151m▐[38;2;247;236;165m[48;2;243;215;140m▀[38;2;250;215;136m[48;2;246;203;133m▀[38;2;234;175;111m[48;2;226;166;103m▚[38;2;231;166;115m[48;2;209;145;93m▌[38;2;211;140;103m[48;2;183;112;75m▌[38;2;213;145;106m[48;2;187;120;80m▐[38;2;192;117;88m[48;2;181;106;78m▌[38;2;244;178;131m[48;2;184;112;77m▗[38;2;243;179;118m[48;2;229;161;100m▛[38;2;243;176;115m[48;2;230;162;102m▐[38;2;232;163;123m[48;2;183;113;74m▌[38;2;113;58;61m[48;2;97;42;44m▌[38;2;192;160;154m[48;2;119;84;80m▜[38;2;166;138;134m[48;2;129;100;97m▌[38;2;169;147;144m[48;2;94;73;80m▀[38;2;132;112;117m[48;2;82;63;76m▀[38;2;90;72;87m[48;2;55;42;54m▘[38;2;38;28;36m[48;2;33;24;32m▌[38;2;55;37;42m[48;2;43;27;35m▗[38;2;161;114;98m[48;2;130;84;68m▐[38;2;89;58;56m[48;2;67;37;34m▌[38;2;187;158;157m[48;2;93;64;64m▐[38;2;197;180;185m[48;2;180;162;167m▌[38;2;168;141;157m[48;2;151;124;139m▌[38;2;139;114;132m[48;2;131;109;127m▙[38;2;125;105;123m[48;2;117;97;115m▌[38;2;106;93;106m[48;2;101;87;106m▄[38;2;108;95;106m[48;2;99;88;103m▄[38;2;110;98;106m[48;2;102;92;107m▄[38;2;123;110;118m[48;2;114;101;109m▐[38;2;141;125;128m[48;2;135;119;122m▄[38;2;152;136;131m[48;2;146;128;127m▄[38;2;148;132;127m[48;2;142;125;124m▄[38;2;147;130;129m[48;2;139;123;124m▄[38;2;152;133;130m[48;2;145;128;127m▄[38;2;146;129;130m[48;2;140;123;124m▌[38;2;136;118;124m[48;2;126;112;117m▄[38;2;143;127;131m[48;2;135;121;126m▄[38;2;150;133;137m[48;2;139;125;130m▄[38;2;147;135;137m[48;2;141;127;132m▄[38;2;146;130;133m[48;2;137;123;130m▄[38;2;144;127;131m[48;2;132;121;129m▄[38;2;143;129;133m[48;2;131;121;130m▄[38;2;144;130;134m[48;2;132;123;131m▄[38;2;141;127;132m[48;2;131;121;130m▄[38;2;138;124;129m[48;2;129;119;128m▄[38;2;137;125;131m[48;2;127;118;124m▄[38;2;132;123;131m[48;2;127;118;126m▄[38;2;129;119;128m[48;2;124;114;123m▄[38;2;122;112;123m[48;2;119;110;119m▌[38;2;116;110;120m[48;2;115;109;119m▙[48;2;110;106;116m▖[48;2;111;105;116m▜[38;2;122;116;123m[48;2;119;113;122m▜[38;2;124;119;124m[48;2;123;118;123m▐[38;2;129;124;127m[48;2;123;118;122m▚[38;2;86;82;88m[48;2;47;43;49m▌[38;2;29;24;34m[48;2;24;18;28m▄[38;2;46;35;54m[48;2;32;21;40m▐[38;2;92;80;100m[48;2;69;57;77m▐[38;2;139;132;108m[48;2;114;106;82m▐[38;2;188;188;88m[48;2;166;173;80m▄[38;2;188;188;83m[48;2;171;174;84m▄[38;2;190;190;83m[48;2;170;174;84m▄[38;2;186;191;86m[48;2;175;181;76m▐[38;2;186;187;83m[48;2;174;182;82m▄[38;2;184;188;83m[48;2;176;184;85m▄[38;2;186;186;81m[48;2;167;174;81m▄[38;2;192;190;84m[48;2;166;171;78m▄[38;2;185;187;84m[48;2;169;175;76m▟[0m
[38;2;168;139;70m[48;2;149;116;55m▘[38;2;195;180;82m[48;2;189;168;77m▀[38;2;198;180;85m[48;2;176;158;64m▌[38;2;209;189;97m[48;2;169;150;58m▐[38;2;197;185;75m[48;2;195;182;74m▚[38;2;204;191;79m[48;2;197;185;73m▄[38;2;216;200;95m[48;2;203;189;82m▖[38;2;217;207;94m[48;2;206;182;90m▀[38;2;222;208;102m[48;2;209;195;89m▐[38;2;251;239;174m[48;2;219;192;129m▛[38;2;241;199;124m[48;2;237;187;120m▀[38;2;246;189;128m[48;2;221;163;102m▌[38;2;234;166;114m[48;2;220;152;100m▐[38;2;210;143;97m[48;2;199;127;92m▀[38;2;194;121;89m[48;2;175;102;71m▚[38;2;216;142;103m[48;2;201;123;83m▛[38;2;222;144;108m[48;2;189;109;79m▗[38;2;250;190;130m[48;2;231;171;111m▞[38;2;232;158;102m[48;2;224;151;95m▚[38;2;239;176;119m[48;2;235;167;111m▖[38;2;220;148;105m[48;2;187;113;79m▙[38;2;190;121;85m[48;2;124;64;59m▄[38;2;192;131;100m[48;2;140;83;70m▟[38;2;148;101;91m[48;2;121;75;65m▌[38;2;65;47;54m[48;2;54;36;43m▌[38;2;49;37;46m[48;2;46;34;43m▌[38;2;40;30;37m[48;2;39;27;33m▛[38;2;39;29;37m[48;2;37;26;34m▚[38;2;100;70;67m[48;2;60;29;27m▐[38;2;186;130;103m[48;2;158;102;75m▌[38;2;122;74;70m[48;2;82;43;47m▄[38;2;217;191;189m[48;2;153;124;120m▟[38;2;203;183;189m[48;2;188;167;173m▌[38;2;176;148;160m[48;2;162;134;145m▌[38;2;154;126;140m[48;2;148;120;136m▄[38;2;134;114;125m[48;2;124;104;115m▌[38;2;115;103;111m[48;2;110;97;110m▄[38;2;124;110;114m[48;2;112;101;109m▄[38;2;130;112;118m[48;2;116;104;110m▄[38;2;138;123;126m[48;2;128;113;115m▐[38;2;156;138;134m[48;2;152;132;134m▄[38;2;162;140;137m[48;2;158;139;134m▄[38;2;158;139;134m[48;2;154;135;131m▌[38;2;157;138;134m[48;2;152;133;130m▗[38;2;165;143;139m[48;2;160;138;136m▄[38;2;159;140;135m[48;2;152;132;132m▄[38;2;157;138;135m[48;2;146;129;130m▄[38;2;161;143;139m[48;2;152;136;134m▄[38;2;162;144;140m[48;2;158;140;138m▗[38;2;164;144;144m[48;2;157;139;139m▖[38;2;154;135;135m[48;2;149;133;137m▄[38;2;154;137;135m[48;2;149;132;136m▄[38;2;157;139;140m[48;2;153;137;140m▄[38;2;151;136;138m[48;2;149;133;135m▞[38;2;151;136;139m[48;2;147;133;138m▙[38;2;148;131;137m[48;2;144;130;135m▄[38;2;147;130;136m[48;2;143;129;133m▄[38;2;142;129;133m[48;2;140;127;131m▌[38;2;136;124;130m[48;2;131;119;125m▌[38;2;123;113;123m[48;2;118;108;118m▌[38;2;114;108;116m[48;2;112;107;115m▀[38;2;112;107;117m[48;2;108;104;115m▀[38;2;110;107;117m[48;2;107;103;114m▝[38;2;118;112;120m[48;2;114;109;117m▀[38;2;123;118;124m[48;2;120;116;121m▀[38;2;126;122;125m[48;2;123;118;123m▝[38;2;125;120;125m[48;2;75;71;75m▌[38;2;35;31;36m[48;2;29;23;31m▄[38;2;50;40;54m[48;2;36;27;40m▐[38;2;99;84;89m[48;2;75;61;66m▐[38;2;179;169;109m[48;2;132;122;62m▐[38;2;199;193;83m[48;2;195;189;80m▌[38;2;201;192;83m[48;2;204;190;82m▛[38;2;205;194;81m[48;2;196;188;81m▄[38;2;214;206;95m[48;2;194;186;78m▄[38;2;203;191;83m[48;2;190;180;84m▄[38;2;204;193;83m[48;2;190;182;72m▄[38;2;202;190;84m[48;2;192;184;83m▄[38;2;197;187;87m[48;2;188;175;76m▛[38;2;198;185;89m[48;2;195;176;84m▝[0m