[38;2;143;185;229m[48;2;139;181;229m▄[38;2;141;183;228m[48;2;138;180;228m▄[38;2;140;182;227m[48;2;135;180;227m▄[38;2;141;183;228m[48;2;137;179;226m▄[38;2;140;182;227m▄[38;2;140;182;226m[48;2;133;179;228m▄[48;2;132;180;228m▄▄[38;2;141;183;228m[48;2;133;179;225m▄[48;2;137;179;226m▄[38;2;142;184;228m[48;2;138;181;225m▄[48;2;138;180;228m▄[38;2;143;185;229m▄[38;2;144;186;230m[48;2;138;181;225m▄[38;2;145;187;231m[48;2;141;183;228m▄[48;2;143;185;229m▄[38;2;147;186;230m[48;2;144;186;230m▄[38;2;148;186;230m[48;2;147;185;229m▐[38;2;154;187;228m[48;2;150;185;228m▄[38;2;155;187;228m[48;2;148;174;213m▀[38;2;173;181;191m[48;2;128;137;146m▌[38;2;208;161;125m[48;2;175;128;91m▐[38;2;233;163;115m[48;2;222;151;103m▐[38;2;234;162;108m[48;2;228;155;102m▌[38;2;222;145;101m[48;2;215;138;94m▌[38;2;216;141;100m[48;2;196;121;80m▐[38;2;221;152;114m[48;2;182;113;75m▌[38;2;150;83;70m[48;2;104;48;51m▄[38;2;184;123;102m[48;2;128;66;46m▐[38;2;219;153;105m[48;2;211;146;96m▖[38;2;205;145;109m[48;2;168;108;72m▌[38;2;150;102;90m[48;2;94;53;51m▖[38;2;74;48;53m[48;2;68;44;51m▖[38;2;58;44;48m[48;2;59;41;49m▀[38;2;53;39;44m[48;2;47;35;39m▀[38;2;48;39;43m[48;2;46;36;40m▐[38;2;74;57;55m[48;2;48;41;48m▀[38;2;101;73;66m[48;2;58;47;53m▀[38;2;107;82;77m[48;2;76;51;46m▐[38;2;143;99;78m[48;2;104;75;62m▄[38;2;66;53;54m[48;2;63;47;46m▛[38;2;76;68;72m[48;2;67;59;62m▐[38;2;79;73;74m[48;2;66;59;60m▌[38;2;74;67;67m[48;2;66;59;59m▐[38;2;72;65;67m[48;2;59;52;54m▌[38;2;51;44;49m[48;2;49;42;49m▛[38;2;74;65;68m[48;2;59;50;53m▐[38;2;106;95;90m[48;2;99;88;83m▐[38;2;111;96;91m[48;2;102;87;82m▌[38;2;84;79;78m[48;2;83;77;75m▟[38;2;93;84;83m[48;2;84;75;74m▐[38;2;133;109;102m[48;2;122;97;93m▙[38;2;134;108;106m[48;2;117;92;89m▐[38;2;136;110;113m[48;2;125;99;102m▌[38;2;151;121;132m[48;2;140;111;122m▐[38;2;172;194;228m[48;2;159;181;214m▐[38;2;164;196;235m[48;2;162;195;233m▖[38;2;163;194;233m[48;2;163;194;233m [38;2;162;195;236m[48;2;159;194;235m▖[38;2;160;194;235m[48;2;160;194;235m [38;2;158;194;233m[48;2;155;193;232m▙[38;2;157;193;230m[48;2;154;192;231m▄[38;2;157;194;231m[48;2;136;171;193m▄[38;2;158;194;172m[48;2;118;161;162m▘[38;2;136;178;138m[48;2;99;138;121m▀[38;2;81;126;96m[48;2;69;115;85m▚[38;2;101;161;131m[48;2;72;122;94m▄[38;2;111;102;91m[48;2;94;85;74m▌[38;2;90;67;67m[48;2;79;55;55m▌[38;2;60;51;59m[48;2;52;44;51m▘[38;2;52;47;53m[48;2;53;46;51m▀[38;2;55;46;50m▄[38;2;68;55;55m[48;2;54;44;48m▗[38;2;79;95;73m[48;2;64;56;53m▄[38;2;64;100;76m[48;2;45;73;47m▙[38;2;78;126;107m[48;2;44;91;73m▐[38;2;80;130;99m[48;2;55;91;67m▀[38;2;98;141;97m[48;2;69;108;72m▗[38;2;119;170;124m[48;2;91;135;104m▄[38;2;159;205;136m[48;2;94;148;126m▄[0m
[38;2;151;187;232m[48;2;147;186;231m▄[48;2;147;186;230m▄[38;2;152;187;230m▄[48;2;148;185;230m▄[38;2;151;187;230m[48;2;147;186;230m▄[48;2;146;185;229m▄[38;2;152;187;230m[48;2;147;186;230m▄[48;2;148;185;230m▄[38;2;153;188;231m[48;2;147;186;230m▄[38;2;152;187;230m▄▄[38;2;153;188;231m[48;2;149;185;230m▄[48;2;150;186;231m▄[38;2;154;189;232m[48;2;151;187;230m▄[38;2;157;189;230m[48;2;153;188;231m▄[38;2;158;190;231m▄[38;2;157;189;230m▄[48;2;155;188;229m▄[38;2;153;183;222m[48;2;140;165;200m▛[38;2;171;192;205m[48;2;152;160;143m▘[38;2;156;146;111m[48;2;116;86;39m▀[38;2;209;156;110m[48;2;144;91;45m▐[38;2;231;161;112m[48;2;225;156;107m▐[38;2;233;162;110m[48;2;224;153;101m▐[38;2;230;158;103m[48;2;214;133;92m▄[38;2;222;150;99m[48;2;212;134;91m▄[38;2;215;142;97m[48;2;210;137;93m▄[38;2;205;132;92m[48;2;197;123;84m▚[38;2;208;136;94m[48;2;143;76;63m▄[38;2;213;144;102m[48;2;193;124;82m▐[38;2;215;145;96m[48;2;206;140;93m▄[38;2;173;119;99m[48;2;145;91;70m▌[38;2;174;139;122m[48;2;107;74;71m▄[38;2;120;96;101m[48;2;89;65;70m▌[38;2;79;66;84m[48;2;69;56;72m▟[38;2;95;81;101m[48;2;83;68;80m▄[38;2;100;85;101m[48;2;57;46;52m▄[38;2;87;72;84m[48;2;45;38;45m▄[38;2;68;58;64m[48;2;56;45;52m▞[38;2;102;74;67m[48;2;60;49;55m▀[38;2;69;54;54m[48;2;59;48;49m▜[38;2;74;65;68m[48;2;71;60;63m▝[38;2;76;69;70m[48;2;64;56;58m▌[38;2;70;61;64m[48;2;60;50;54m▐[38;2;67;58;61m[48;2;62;53;57m▌[38;2;52;45;52m[48;2;51;44;51m▜[38;2;65;56;59m[48;2;54;45;48m▐[38;2;102;92;88m[48;2;91;81;77m▐[38;2;113;97;90m[48;2;109;92;86m▌[38;2;87;79;77m[48;2;86;77;75m▚[38;2;84;76;77m[48;2;78;69;71m▐[38;2;139;115;109m[48;2;111;87;81m▐[38;2;140;108;102m[48;2;131;100;98m▄[38;2;136;109;111m[48;2;129;102;104m▌[38;2;155;121;132m[48;2;135;102;113m▐[38;2;185;194;222m[48;2;152;160;188m▐[38;2;167;197;232m[48;2;165;195;234m▄[38;2;168;198;233m[48;2;165;195;233m▄[38;2;166;196;235m[48;2;164;194;233m▖[38;2;165;195;233m▄[48;2;163;193;232m▄[38;2;166;196;231m[48;2;161;192;231m▄[38;2;159;196;227m[48;2;130;175;203m▙[38;2;95;153;145m[48;2;70;128;120m▌[38;2;175;205;164m[48;2;69;105;78m▖[38;2;86;127;90m[48;2;42;80;53m▗[38;2;112;140;97m[48;2;90;118;74m▞[38;2;98;74;73m[48;2;83;59;59m▌[38;2;64;54;59m[48;2;56;45;50m▌[38;2;56;47;51m[48;2;53;46;51m▄[48;2;54;45;48m▖[38;2;61;49;52m[48;2;55;46;49m▟[38;2;100;116;100m[48;2;77;69;65m▄[38;2;89;137;109m[48;2;78;126;98m▌[38;2;81;122;95m[48;2;64;104;74m▀[38;2;67;105;80m[48;2;60;97;73m▞[38;2;76;110;88m[48;2;56;84;70m▄[38;2;61;100;80m[48;2;57;94;72m▗[38;2;82;125;85m[48;2;43;77;54m▀[38;2;183;225;141m[48;2;47;87;55m▀[0m
[38;2;161;192;230m[48;2;157;189;230m▄[38;2;161;192;231m▄[38;2;160;191;230m[48;2;153;188;231m▄[38;2;160;190;230m[48;2;157;188;232m▄[48;2;157;189;230m▄▄[48;2;157;189;228m▄[38;2;161;192;231m[48;2;158;190;229m▗[38;2;161;192;230m▄[38;2;162;193;232m▄[38;2;162;193;231m▄▄[38;2;163;193;231m[48;2;158;191;229m▄[38;2;164;193;231m[48;2;160;191;230m▄[48;2;161;192;231m▄[38;2;165;194;232m[48;2;161;192;230m▄▄[38;2;167;193;232m[48;2;161;191;230m▄[38;2;163;185;206m[48;2;152;172;197m▛[38;2;152;144;108m[48;2;105;96;60m▌[38;2;114;84;53m[48;2;98;68;37m▌[38;2;185;130;99m[48;2;99;44;14m▐[38;2;233;165;110m[48;2;228;157;108m▄[38;2;238;177;115m[48;2;222;157;100m▟[38;2;241;173;113m[48;2;227;159;99m▌[38;2;229;153;106m[48;2;217;140;94m▌[38;2;208;130;92m[48;2;203;125;88m▐[38;2;188;111;82m[48;2;161;87;63m▛[38;2;234;166;109m[48;2;210;141;89m▜[38;2;233;163;109m[48;2;207;138;83m▌[38;2;222;157;108m[48;2;215;150;101m▐[38;2;136;92;90m[48;2;95;51;48m▌[38;2;73;41;54m[48;2;60;31;45m▘[38;2;55;31;44m[48;2;52;31;42m▀[38;2;54;35;46m[48;2;51;32;43m▝[38;2;65;50;61m[48;2;53;35;46m▀[38;2;71;61;76m[48;2;58;40;53m▀[38;2;94;84;99m[48;2;66;51;63m▀[38;2;125;113;121m[48;2;84;67;75m▀[38;2;54;45;51m[48;2;49;41;48m▖[38;2;60;50;56m[48;2;53;44;50m▐[38;2;69;60;64m[48;2;60;51;55m▐[38;2;75;68;71m[48;2;64;57;59m▌[38;2;67;59;62m[48;2;60;52;55m▐[38;2;64;57;59m[48;2;60;53;55m▌[38;2;57;47;52m[48;2;54;44;48m▐[38;2;67;57;58m[48;2;64;54;58m▄[38;2;105;93;90m[48;2;84;71;68m▐[38;2;113;96;88m[48;2;111;94;87m▞[38;2;88;77;75m[48;2;81;71;69m▌[38;2;82;76;75m[48;2;73;68;67m▌[38;2;129;110;106m[48;2;98;79;75m▐[38;2;156;120;111m[48;2;147;112;102m▌[38;2;131;108;109m[48;2;129;104;106m▖[38;2;149;117;124m[48;2;124;93;99m▐[38;2;193;187;206m[48;2;153;147;166m▐[38;2;174;201;232m[48;2;170;197;230m▖[38;2;172;196;230m[48;2;171;195;232m▟[38;2;172;196;231m[48;2;169;196;232m▄[48;2;169;195;235m▄[48;2;169;196;232m▄[48;2;169;195;230m▗[38;2;173;197;230m[48;2;168;196;231m▗[38;2;185;213;208m[48;2;163;191;186m▞[38;2;210;236;188m[48;2;160;189;138m▚[38;2;114;154;134m[48;2;69;111;81m▛[38;2;116;120;91m[48;2;85;82;68m▘[38;2;84;67;70m[48;2;72;57;62m▘[38;2;58;51;56m[48;2;54;47;53m▚[38;2;56;52;55m[48;2;55;48;52m▗[38;2;66;56;60m[48;2;59;51;53m▗[38;2;120;110;95m[48;2;72;58;52m▗[38;2;177;205;143m[48;2;138;166;103m▞[38;2;180;212;138m[48;2;89;131;89m▄[38;2;139;172;131m[48;2;69;112;76m▖[38;2;82;125;81m[48;2;68;113;75m▗[38;2;79;122;79m[48;2;68;107;70m▙[38;2;77;125;87m[48;2;59;102;62m▙[38;2;69;110;86m[48;2;48;84;60m▖[38;2;53;92;67m[48;2;40;75;59m▜[0m
[38;2;172;196;233m[48;2;166;195;233m▄[38;2;171;197;233m▄[48;2;165;194;232m▄[48;2;163;193;231m▄[48;2;164;193;231m▄[38;2;172;196;233m▄▄[48;2;165;194;232m▄[48;2;167;193;232m▄[38;2;173;197;232m[48;2;168;194;233m▄▄[38;2;174;198;233m[48;2;169;196;232m▄▄[38;2;173;197;232m▄[38;2;177;199;234m[48;2;171;195;232m▄[38;2;178;200;232m▄▄[38;2;178;201;231m[48;2;171;195;230m▄[38;2;177;197;228m[48;2;173;193;223m▌[38;2;181;196;222m[48;2;140;142;144m▄[38;2;158;158;172m[48;2;93;64;46m▄[38;2;172;152;154m[48;2;127;75;52m▄[38;2;233;170;113m[48;2;226;162;114m▀[38;2;239;182;116m[48;2;222;158;107m▀[38;2;238;171;115m[48;2;222;155;99m▌[38;2;230;159;110m[48;2;211;140;92m▌[38;2;196;122;88m[48;2;188;113;79m▌[38;2;202;133;105m[48;2;169;100;72m▌[38;2;201;133;105m[48;2;123;64;51m▝[38;2;229;165;122m[48;2;189;124;82m▚[38;2;181;133;114m[48;2;75;35;32m▛[38;2;72;38;52m[48;2;62;30;43m▘[38;2;59;34;47m[48;2;55;29;43m▄[38;2;55;37;49m[48;2;52;33;43m▄[38;2;56;40;54m[48;2;53;34;47m▄[38;2;71;51;64m[48;2;62;42;55m▐[38;2;89;68;77m[48;2;74;53;63m▄[38;2;159;135;130m[48;2;106;85;92m▄[38;2;161;137;126m[48;2;77;58;60m▄[38;2;140;116;111m[48;2;86;64;61m▄[38;2;104;87;90m[48;2;64;51;53m▄[38;2;95;81;86m[48;2;61;52;58m▄[38;2;87;76;78m[48;2;68;63;63m▄[38;2;65;58;60m[48;2;59;52;54m▝[48;2;55;48;52m▘[38;2;90;68;64m[48;2;73;51;47m▐[38;2;118;90;80m[48;2;76;56;53m▖[38;2;91;83;84m[48;2;70;62;63m▐[38;2;117;99;92m[48;2;115;96;89m▚[38;2;96;85;82m[48;2;82;71;68m▌[38;2;88;80;81m[48;2;76;67;69m▌[38;2;102;91;87m[48;2;83;72;68m▐[38;2;165;126;114m[48;2;159;121;108m▚[38;2;141;112;110m[48;2;127;99;97m▌[38;2;129;103;108m[48;2;119;94;98m▐[38;2;186;164;178m[48;2;161;130;141m▝[38;2;181;201;230m[48;2;180;195;222m▜[38;2;181;200;230m[48;2;179;200;231m▄[38;2;182;201;231m[48;2;178;197;231m▄[38;2;181;200;232m[48;2;177;196;230m▄[38;2;180;201;232m[48;2;178;197;231m▄[38;2;181;200;232m▄[38;2;181;200;230m[48;2;179;200;231m▄[38;2;180;200;228m[48;2;169;190;219m▙[38;2;148;172;191m[48;2;106;141;127m▄[38;2;160;179;168m[48;2;111;134;126m▗[38;2;92;75;79m[48;2;80;62;67m▌[38;2;69;58;65m[48;2;62;50;58m▌[38;2;56;51;57m[48;2;55;49;55m▞[38;2;59;52;55m[48;2;57;50;53m▐[38;2;84;67;66m[48;2;71;58;59m▗[38;2;99;100;85m[48;2;85;86;71m▐[38;2;189;213;180m[48;2;179;204;171m▐[38;2;196;212;156m[48;2;186;202;146m▐[38;2;172;200;145m[48;2;98;126;71m▌[38;2;122;179;137m[48;2;100;144;95m▄[38;2;124;184;143m[48;2;94;153;112m▞[38;2;106;172;142m[48;2;77;136;120m▜[38;2;93;141;118m[48;2;65;113;72m▙[38;2;115;149;116m[48;2;90;124;92m▞[0m
[38;2;180;202;235m[48;2;177;199;234m▄[48;2;176;198;236m▄[48;2;174;198;236m▄[38;2;179;201;233m[48;2;177;199;234m▄[38;2;181;201;235m[48;2;178;200;235m▄▄▄[38;2;183;202;235m[48;2;178;200;232m▄▄[48;2;180;200;233m▄[38;2;183;202;232m[48;2;180;201;232m▄[38;2;184;202;232m▄[38;2;185;203;233m[48;2;180;200;233m▄▄[48;2;180;201;232m▄[38;2;187;202;233m[48;2;182;201;233m▄[38;2;188;202;231m[48;2;183;202;235m▄[38;2;188;204;231m[48;2;183;202;232m▄[38;2;190;205;232m[48;2;186;201;229m▖[38;2;198;209;229m[48;2;186;200;223m▖[38;2;191;201;224m[48;2;157;161;174m▜[38;2;205;203;218m[48;2;196;192;208m▖[38;2;225;172;120m[48;2;224;161;116m▄[38;2;194;129;104m[48;2;150;86;61m▌[38;2;217;146;106m[48;2;185;134;124m▀[38;2;223;154;102m[48;2;161;112;108m▀[38;2;193;122;84m[48;2;158;101;88m▀[38;2;221;160;106m[48;2;196;127;93m▄[38;2;145;103;97m[48;2;102;56;53m▖[38;2;130;92;94m[48;2;52;20;36m▀[38;2;68;40;54m[48;2;58;26;38m▗[38;2;93;67;74m[48;2;69;41;52m▄[38;2;114;89;88m[48;2;76;50;64m▄[38;2;102;82;85m[48;2;70;47;61m▄[38;2;99;83;86m[48;2;73;55;66m▄[38;2;106;90;93m[48;2;63;50;63m▄[38;2;138;120;124m[48;2;91;73;78m▐[38;2;148;122;118m[48;2;129;105;104m▀[38;2;151;125;121m[48;2;140;116;111m▀[38;2;147;123;118m[48;2;133;110;111m▙[38;2;137;115;113m[48;2;122;104;112m▄[38;2;132;116;119m[48;2;125;110;113m▐[38;2;148;132;133m[48;2;136;119;124m▗[38;2;158;142;143m[48;2;105;91;96m▄[38;2;142;126;130m[48;2;60;51;57m▄[38;2;69;55;61m[48;2;50;36;41m▞[38;2;101;77;66m[48;2;65;53;57m▀[38;2;91;80;78m[48;2;74;62;60m▐[38;2;117;101;93m[48;2;109;93;85m▐[38;2;102;89;87m[48;2;86;73;71m▌[38;2;89;82;81m[48;2;84;76;75m▜[38;2;91;80;79m[48;2;85;74;73m▐[38;2;170;136;124m[48;2;136;102;91m▐[38;2;144;112;107m[48;2;129;97;92m▌[38;2;129;102;107m[48;2;123;97;102m▝[38;2;166;125;128m[48;2;156;115;118m▐[38;2;198;198;217m[48;2;145;145;165m▐[38;2;189;204;231m[48;2;186;201;230m▄[38;2;190;203;231m[48;2;189;202;230m▄[48;2;188;202;231m▄▄[38;2;191;203;231m[48;2;187;201;230m▄[38;2;192;204;232m▄[38;2;190;203;231m[48;2;186;202;229m▄[38;2;189;206;233m[48;2;186;203;230m▐[38;2;186;186;199m[48;2;95;95;108m▌[38;2;79;61;73m[48;2;73;54;69m▛[38;2;65;52;62m[48;2;58;47;59m▘[38;2;63;54;62m[48;2;57;48;56m▗[38;2;68;56;63m[48;2;63;52;58m▐[38;2;111;94;87m[48;2;82;65;59m▐[38;2;124;156;117m[48;2;100;117;91m▟[38;2;143;172;137m[48;2;120;152;107m▘[38;2;125;152;101m[48;2;121;147;97m▞[38;2;118;147;101m[48;2;92;121;76m▌[38;2;108;160;119m[48;2;99;131;86m▀[38;2;117;159;140m[48;2;80;122;93m▘[38;2;86;125;102m[48;2;64;104;80m▐[38;2;94;131;109m[48;2;59;97;74m▌[38;2;50;80;65m[48;2;41;71;58m▄[0m
[38;2;189;204;236m[48;2;183;204;236m▄[48;2;185;203;236m▄[38;2;192;205;237m▄▄[38;2;192;205;235m▄[48;2;187;202;233m▄▄[38;2;192;207;233m[48;2;187;202;234m▄[38;2;194;207;235m[48;2;189;203;235m▄[38;2;195;208;236m[48;2;190;204;233m▄▄[38;2;197;207;236m▄[38;2;196;209;237m▄[38;2;198;208;237m▄▄[38;2;198;208;235m[48;2;191;206;232m▄[48;2;192;207;233m▄[38;2;195;206;234m[48;2;189;199;227m▌[38;2;192;201;200m[48;2;177;187;185m▚[38;2;162;159;126m[48;2;117;109;59m▛[38;2;128;115;75m[48;2;100;83;48m▀[38;2;126;105;83m[48;2;75;47;23m▀[38;2;227;178;130m[48;2;154;103;58m▜[38;2;222;177;135m[48;2;148;109;102m▀[38;2;195;163;150m[48;2;136;106;111m▀[38;2;143;112;126m[48;2;101;70;84m▌[38;2;108;82;97m[48;2;79;49;74m▄[38;2;145;118;116m[48;2;124;89;81m▟[38;2;139;117;114m[48;2;111;80;84m▄[38;2;82;69;82m[48;2;52;30;44m▄[38;2;59;52;70m[48;2;57;38;53m▄[38;2;84;84;99m[48;2;73;60;73m▄[38;2;75;71;85m[48;2;61;57;72m▞[38;2;82;74;86m[48;2;44;39;57m▀[38;2;96;85;93m[48;2;47;40;57m▀[38;2;101;84;89m[48;2;53;43;61m▀[38;2;99;81;87m[48;2;67;54;67m▀[38;2;121;97;99m[48;2;92;74;80m▀[38;2;133;114;110m[48;2;130;111;107m▐[38;2;132;114;110m[48;2;108;91;95m▀[38;2;119;103;104m[48;2;84;72;80m▀[38;2;107;95;101m[48;2;77;65;75m▀[38;2;116;104;108m[48;2;73;64;70m▀[38;2;105;93;99m[48;2;57;48;56m▀[38;2;94;85;93m[48;2;58;49;53m▀[38;2;68;56;62m[48;2;54;41;47m▚[38;2;59;48;51m[48;2;46;41;49m▄[38;2;82;74;76m[48;2;64;57;59m▐[38;2;115;96;90m[48;2;108;89;83m▐[38;2;102;89;85m[48;2;85;73;69m▌[38;2;88;80;80m[48;2;78;70;70m▐[38;2;92;83;82m[48;2;88;80;79m▌[38;2;157;129;120m[48;2;117;89;80m▐[38;2;154;117;109m[48;2;142;106;97m▌[38;2;136;110;109m[48;2;125;99;98m▌[38;2;167;127;127m[48;2;142;103;103m▐[38;2;175;144;153m[48;2;149;118;127m▞[38;2;200;207;230m[48;2;195;202;225m▚[38;2;203;207;230m[48;2;196;204;229m▄[38;2;205;209;232m[48;2;197;206;230m▄[38;2;205;209;231m[48;2;198;207;231m▄▄[38;2;204;208;231m[48;2;197;205;230m▄[38;2;199;208;229m[48;2;195;204;229m▄[38;2;200;207;230m[48;2;169;172;194m▛[38;2;132;116;137m[48;2;82;63;84m▘[38;2;71;57;72m[48;2;65;51;66m▌[38;2;62;52;65m[48;2;60;49;62m▄[38;2;66;55;65m[48;2;64;53;62m▐[38;2;91;67;77m[48;2;77;58;66m▗[38;2;162;153;152m[48;2;105;96;95m▐[38;2;163;199;171m[48;2;128;165;137m▌[38;2;132;163;127m[48;2;116;151;107m▄[38;2;190;215;149m[48;2;158;186;132m▄[38;2;223;240;155m[48;2;173;197;130m▄[38;2;236;249;162m[48;2;224;238;154m▛[38;2;158;191;147m[48;2;95;129;85m▌[38;2;89;124;101m[48;2;74;109;85m▐[38;2;90;124;105m[48;2;68;102;83m▌[38;2;93;123;108m[48;2;58;90;77m▗[0m
[38;2;201;210;237m[48;2;194;208;237m▄[48;2;195;208;236m▄[38;2;202;211;238m[48;2;196;209;237m▄[38;2;203;212;237m▄[38;2;204;213;239m[48;2;197;210;238m▄[38;2;204;213;237m[48;2;200;209;238m▄[38;2;206;211;237m▄[38;2;205;211;237m▄[38;2;206;211;237m▄[38;2;207;212;238m[48;2;200;209;236m▄[48;2;201;210;237m▄[38;2;207;214;236m[48;2;202;210;237m▄[48;2;203;211;238m▄▄[48;2;202;210;237m▄[38;2;208;211;235m[48;2;202;210;235m▄[38;2;207;214;236m[48;2;201;209;234m▄[38;2;204;211;232m[48;2;188;195;216m▄[38;2;196;194;173m[48;2;155;153;132m▌[38;2;138;125;84m[48;2;113;97;60m▘[38;2;87;70;46m[48;2;81;61;40m▛[38;2;80;58;37m[48;2;66;44;23m▌[38;2;201;165;130m[48;2;94;57;23m▐[38;2;132;100;99m[48;2;113;81;80m▞[38;2;184;157;143m[48;2;157;129;119m▙[38;2;126;108;113m[48;2;102;83;95m▖[38;2;140;122;125m[48;2;118;99;102m▐[38;2;170;147;135m[48;2;152;131;122m▀[38;2;155;137;129m[48;2;146;128;120m▚[38;2;140;128;122m[48;2;111;102;108m▄[38;2;121;113;114m[48;2;86;83;93m▄[38;2;107;104;112m[48;2;80;77;96m▄[38;2;100;100;115m[48;2;90;90;105m▝[38;2;117;113;126m[48;2;81;73;82m▄[38;2;153;112;88m[48;2;90;65;57m▄[38;2;131;99;87m[48;2;91;58;46m▌[38;2;65;51;60m[48;2;51;39;47m▘[38;2;45;37;48m[48;2;40;34;43m▀[38;2;63;54;62m[48;2;45;38;45m▀[38;2;107;80;76m[48;2;87;60;56m▐[38;2;104;80;74m[48;2;87;63;56m▌[38;2;82;69;69m[48;2;71;64;69m▄[38;2;79;69;73m[48;2;75;67;68m▖[38;2;62;55;61m[48;2;51;44;50m▌[38;2;59;52;57m[48;2;52;45;52m▀[38;2;104;78;74m[48;2;77;51;47m▐[38;2;157;111;88m[48;2;122;86;74m▄[38;2;92;73;66m[48;2;77;64;64m▄[38;2;112;96;90m[48;2;106;89;83m▐[38;2;104;91;89m[48;2;83;71;68m▌[38;2;80;72;73m[48;2;73;65;66m▝[38;2;88;82;82m[48;2;83;74;78m▀[38;2;129;108;100m[48;2;101;80;73m▐[38;2;166;129;118m[48;2;138;101;91m▌[38;2;137;108;104m[48;2;132;101;101m▀[38;2;150;115;115m[48;2;136;101;101m▐[38;2;184;137;137m[48;2;167;120;120m▌[38;2;219;208;224m[48;2;165;154;170m▐[38;2;212;212;228m[48;2;208;210;230m▄[38;2;215;212;229m[48;2;209;211;231m▄▄[38;2;214;211;228m[48;2;211;210;231m▄[38;2;215;215;230m[48;2;209;212;229m▄[38;2;213;214;231m[48;2;172;167;185m▛[38;2;195;183;205m[48;2;93;75;96m▘[38;2;76;58;78m[48;2;72;56;73m▛[38;2;66;55;68m[48;2;64;53;68m▗[38;2;73;61;69m[48;2;68;55;65m▄[38;2;94;73;84m[48;2;78;62;73m▗[38;2;125;94;104m[48;2;95;64;75m▐[38;2;217;212;223m[48;2;175;167;179m▟[38;2;216;215;227m[48;2;207;212;225m▄[38;2;219;218;230m[48;2;212;216;221m▖[38;2;189;207;146m[48;2;117;126;112m▀[38;2;203;223;144m[48;2;153;171;120m▀[38;2;180;196;147m[48;2;108;118;87m▛[38;2;213;215;219m[48;2;193;195;199m▚[38;2;220;219;231m[48;2;150;157;160m▄[38;2;187;192;196m[48;2;103;128;115m▄[38;2;160;171;169m[48;2;99;122;112m▖[0m
[38;2;212;216;239m[48;2;205;214;238m▄[48;2;208;214;239m▄[38;2;214;217;239m▄[38;2;215;217;239m[48;2;211;215;238m▄▄[38;2;215;217;237m▄[48;2;211;215;237m▄▄[38;2;217;216;237m[48;2;212;215;237m▄[38;2;218;217;238m▄▄[48;2;211;215;237m▄[38;2;219;218;239m[48;2;212;216;238m▄[38;2;219;219;237m[48;2;214;216;238m▄[38;2;221;218;237m[48;2;215;216;237m▖[38;2;219;217;236m[48;2;214;216;238m▄[48;2;213;215;235m▄[38;2;217;217;233m[48;2;208;211;228m▙[38;2;216;213;228m[48;2;202;201;213m▄[38;2;213;210;220m[48;2;143;128;113m▄[38;2;178;169;173m[48;2;98;78;62m▄[38;2;192;188;193m[48;2;110;93;80m▄[38;2;218;201;194m[48;2;199;182;174m▌[38;2;157;125;123m[48;2;113;82;87m▘[38;2;152;126;129m[48;2;105;78;89m▝[38;2;147;123;118m[48;2;126;106;106m▄[38;2;155;133;122m[48;2;140;119;110m▟[38;2;157;136;123m[48;2;128;108;110m▀[38;2;135;119;114m[48;2;102;89;99m▀[38;2;122;110;112m[48;2;97;89;98m▀[38;2;117;109;108m[48;2;106;97;103m▀[38;2;124;116;117m[48;2;120;111;113m▌[38;2;116;109;113m[48;2;101;98;111m▄[38;2;105;100;112m[48;2;96;96;113m▄[38;2;146;130;131m[48;2;115;107;118m▝[38;2;83;70;76m[48;2;46;33;39m▌[38;2;41;33;42m[48;2;39;32;40m▝[38;2;42;37;45m[48;2;38;33;39m▝[38;2;48;42;48m[48;2;45;39;46m▐[38;2;57;46;50m[48;2;49;40;46m▛[38;2;67;54;57m[48;2;56;47;50m▀[38;2;69;61;65m[48;2;58;51;55m▜[38;2;81;72;74m[48;2;78;69;72m▌[38;2;74;66;68m[48;2;61;53;55m▌[38;2;55;46;53m[48;2;47;39;45m▌[38;2;54;43;50m[48;2;43;32;39m▐[38;2;123;89;75m[48;2;86;64;61m▀[38;2;86;69;65m[48;2;82;66;64m▘[38;2;116;100;96m[48;2;97;80;77m▐[38;2;111;97;94m[48;2;93;79;75m▌[38;2;74;67;68m[48;2;72;62;66m▟[38;2;87;79;80m[48;2;84;76;77m▄[38;2;100;86;83m[48;2;88;74;71m▐[38;2;164;127;115m[48;2;142;105;93m▌[38;2;131;102;101m[48;2;125;96;92m▀[38;2;142;111;111m[48;2;122;92;92m▐[38;2;186;138;132m[48;2;177;128;123m▐[38;2;214;186;194m[48;2;151;122;130m▐[38;2;223;222;231m[48;2;215;215;229m▄[38;2;225;222;232m[48;2;217;214;226m▄[38;2;219;216;227m[48;2;209;203;214m▛[38;2;220;221;231m[48;2;171;158;171m▀[38;2;200;193;210m[48;2;101;77;99m▀[38;2;132;109;131m[48;2;80;60;79m▘[38;2;77;65;77m[48;2;76;57;76m▖[38;2;72;59;69m[48;2;69;56;72m▄[38;2;90;71;77m[48;2;78;64;73m▄[38;2;104;80;88m[48;2;83;63;73m▗[38;2;109;75;87m[48;2;100;72;83m▄[38;2;201;172;183m[48;2;121;92;103m▐[38;2;223;221;231m[48;2;220;217;227m▌[38;2;225;219;230m[48;2;218;217;226m▄[38;2;192;203;197m[48;2;149;160;155m▌[38;2;110;110;106m[48;2;96;97;93m▌[38;2;140;148;127m[48;2;100;109;88m▐[38;2;193;197;185m[48;2;151;160;142m▗[38;2;226;221;232m[48;2;197;194;204m▟[38;2;228;219;231m[48;2;221;217;228m▄[38;2;225;222;232m[48;2;225;221;231m▝[38;2;227;222;231m[48;2;218;215;225m▙[0m
[38;2;224;222;238m[48;2;217;221;237m▄[38;2;224;222;237m[48;2;219;219;237m▄[48;2;222;219;238m▄▄[48;2;222;219;236m▄[38;2;225;221;237m[48;2;222;219;238m▄[38;2;226;222;238m[48;2;221;221;238m▄[38;2;226;223;236m[48;2;221;221;236m▄[48;2;222;219;236m▄[48;2;222;219;238m▄[38;2;230;224;237m[48;2;222;219;236m▄[38;2;228;224;237m[48;2;223;221;237m▄[38;2;230;224;237m▄[38;2;230;224;235m▄[48;2;223;221;236m▄[38;2;231;225;236m▄[38;2;230;224;235m▄[48;2;222;221;232m▄[48;2;222;217;233m▄[38;2;228;222;232m[48;2;222;219;235m▄[38;2;225;222;230m[48;2;216;213;223m▄[38;2;222;219;231m[48;2;203;193;205m▛[38;2;230;215;226m[48;2;138;109;126m▘[38;2;141;102;114m[48;2;102;63;76m▐[38;2;127;94;107m[48;2;110;77;91m▌[38;2;183;157;143m[48;2;152;124;117m▝[38;2;194;168;145m[48;2;155;131;120m▄[38;2;201;179;157m[48;2;110;92;100m▄[38;2;149;130;125m[48;2;80;69;88m▄[38;2;104;94;107m[48;2;75;67;90m▄[38;2;84;79;102m[48;2;76;71;92m▖[38;2;87;81;94m[48;2;75;72;94m▀[38;2;96;90;101m[48;2;77;75;94m▀[38;2;109;104;114m[48;2;80;78;94m▀[38;2;106;103;116m[48;2;92;87;107m▀[38;2;102;98;117m[48;2;95;90;110m▚[38;2;104;100;119m[48;2;65;59;70m▄[38;2;94;86;97m[48;2;37;30;35m▄[38;2;68;59;65m[48;2;45;41;44m▄[38;2;59;48;52m[48;2;56;45;49m▐[38;2;62;51;54m[48;2;61;49;53m▙[38;2;72;65;67m[48;2;61;54;56m▐[38;2;80;74;74m[48;2;76;69;70m▗[38;2;73;64;66m[48;2;62;54;55m▌[38;2;60;51;54m[48;2;53;44;47m▌[38;2;101;76;74m[48;2;67;48;48m▗[38;2;112;76;63m[48;2;79;57;54m▄[38;2;83;68;67m[48;2;76;62;61m▌[38;2;110;99;96m[48;2;89;78;75m▐[38;2;115;99;94m[48;2;101;85;81m▌[38;2;76;70;71m[48;2;73;67;68m▌[38;2;92;84;83m[48;2;81;73;72m▐[38;2;95;82;80m[48;2;88;75;72m▐[38;2;154;118;105m[48;2;149;113;99m▚[38;2;122;97;91m[48;2;118;94;87m▌[38;2;127;103;101m[48;2;114;93;90m▝[38;2;184;140;127m[48;2;165;120;107m▐[38;2;178;136;134m[48;2;151;110;107m▞[38;2;189;175;185m[48;2;115;79;91m▀[38;2;159;140;155m[48;2;92;61;76m▀[38;2;112;86;106m[48;2;84;59;74m▀[38;2;86;66;79m[48;2;81;59;78m▄[38;2;82;63;81m[48;2;74;59;72m▝[38;2;82;67;81m[48;2;74;61;71m▘[38;2;81;69;75m[48;2;70;60;68m▖[38;2;79;67;73m[48;2;74;62;68m▐[38;2;107;87;91m[48;2;88;69;75m▗[38;2;121;88;93m[48;2;111;81;89m▟[38;2;143;99;107m[48;2;124;84;94m▄[38;2;229;214;221m[48;2;165;146;154m▟[38;2;230;223;230m[48;2;226;222;228m▄[38;2;232;223;231m[48;2;230;221;229m▄[38;2;233;224;232m[48;2;223;214;222m▙[38;2;234;225;233m[48;2;178;170;171m▄[38;2;231;221;229m[48;2;153;143;142m▄[38;2;233;224;232m[48;2;202;193;201m▟[48;2;230;221;229m▄[38;2;235;225;233m[48;2;231;222;230m▄▄[38;2;233;224;232m[48;2;225;218;225m▙[0m
[38;2;235;229;239m[48;2;229;225;238m▄[38;2;235;229;237m[48;2;230;226;239m▄[38;2;236;230;240m▄▄[38;2;235;229;239m[48;2;232;226;239m▄[38;2;236;228;239m▄[38;2;236;228;237m[48;2;232;226;237m▄▄▄▄[38;2;237;226;237m▄[38;2;237;228;236m[48;2;235;226;238m▄[38;2;238;229;237m▄[48;2;235;226;236m▄▄[48;2;235;226;238m▄[48;2;234;225;235m▄[48;2;233;225;237m▄[48;2;233;223;233m▄[38;2;236;229;233m[48;2;232;225;232m▄[38;2;237;228;221m[48;2;233;225;227m▖[38;2;247;234;206m[48;2;198;172;171m▄[38;2;245;228;193m[48;2;193;157;144m▄[38;2;239;219;182m[48;2;212;179;156m▄[38;2;208;177;147m[48;2;140;104;105m▄[38;2;228;197;164m[48;2;179;147;132m▄[38;2;210;182;159m[48;2;158;126;111m▛[38;2;202;175;152m[48;2;140;114;112m▀[38;2;193;167;146m[48;2;170;147;132m▀[38;2;165;147;141m[48;2;142;125;118m▌[38;2;110;101;116m[48;2;93;83;98m▌[38;2;86;80;103m[48;2;78;74;96m▖[38;2;88;83;100m[48;2;79;74;94m▀[38;2;86;81;99m[48;2;82;78;95m▌[38;2;77;74;96m[48;2;73;69;91m▛[38;2;81;77;102m[48;2;70;67;92m▀[38;2;90;86;110m[48;2;80;77;101m▀[38;2;102;99;121m[48;2;93;88;108m▀[38;2;114;109;121m[48;2;104;97;114m▀[38;2;117;106;121m[48;2;93;75;81m▄[38;2;96;82;91m[48;2;60;50;51m▄[38;2;78;70;77m[48;2;60;55;59m▟[38;2;95;85;86m[48;2;79;73;73m▄[38;2;67;59;63m[48;2;50;41;46m▌[38;2;52;45;49m[48;2;42;35;40m▛[38;2;91;70;68m[48;2;57;36;34m▐[38;2;141;96;77m[48;2;123;82;66m▘[38;2;102;82;77m[48;2;77;57;51m▌[38;2;103;95;93m[48;2;82;74;73m▐[38;2;116;101;96m[48;2;102;87;82m▌[38;2;76;73;73m[48;2;73;69;69m▌[38;2;90;83;82m[48;2;77;70;68m▐[38;2;96;86;82m[48;2;91;81;77m▐[38;2;158;125;112m[48;2;136;103;91m▐[38;2;124;96;89m[48;2;119;92;85m▚[38;2;108;92;88m[48;2;104;88;83m▐[38;2;157;121;109m[48;2;138;102;90m▐[38;2;180;133;122m[48;2;160;113;102m▌[38;2;114;86;90m[48;2;105;76;80m▞[38;2;126;94;96m[48;2;124;91;93m▚[38;2;108;83;91m[48;2;88;68;74m▘[38;2;78;68;74m[48;2;73;60;70m▄[38;2;89;73;76m[48;2;77;66;74m▄[38;2;90;74;75m[48;2;84;68;72m▟[38;2;83;72;75m[48;2;76;66;69m▘[38;2;107;83;85m[48;2;81;69;71m▄[38;2;118;89;89m[48;2;117;86;87m▀[38;2;146;101;104m[48;2;122;83;87m▟[38;2;218;181;185m[48;2;147;110;115m▐[38;2;235;225;230m[48;2;232;223;229m▙[38;2;238;224;229m[48;2;236;224;230m▄[38;2;239;225;230m[48;2;237;225;231m▄▄[38;2;240;226;231m▄▄▄[38;2;242;228;232m[48;2;238;226;231m▗[48;2;238;226;232m▄[48;2;237;228;233m▄[38;2;240;229;232m[48;2;239;228;233m▄[0m
[38;2;242;232;240m[48;2;239;230;238m▄▄[38;2;242;232;241m▄[38;2;243;233;239m[48;2;240;231;239m▄[48;2;239;230;238m▄▄[38;2;243;233;237m▄[48;2;240;231;239m▄▄▄▄[38;2;243;233;239m▄[38;2;243;233;237m▄▄[48;2;240;231;237m▄▄▄[48;2;241;231;235m▄[38;2;242;232;236m[48;2;240;231;235m▄[48;2;239;230;234m▖[38;2;252;238;217m[48;2;239;227;209m▖[38;2;244;230;199m[48;2;234;203;173m▀[38;2;236;213;177m[48;2;229;199;165m▀[38;2;239;214;175m[48;2;234;202;165m▀[38;2;227;197;162m[48;2;196;155;130m▀[38;2;225;195;161m[48;2;222;192;158m▗[38;2;213;184;152m[48;2;180;150;130m▄[38;2;188;159;142m[48;2;151;121;118m▄[38;2;143;122;120m[48;2;123;103;103m▛[38;2;118;101;109m[48;2;89;77;97m▀[38;2;99;90;104m[48;2;75;67;94m▀[38;2;110;102;112m[48;2;84;77;97m▀[38;2;112;104;113m[48;2;105;96;106m▚[38;2;117;108;111m[48;2;99;93;103m▄[38;2;121;113;114m[48;2;94;88;101m▄[38;2;128;117;118m[48;2;89;82;100m▄[38;2;117;108;112m[48;2;81;76;96m▄[38;2;93;88;108m[48;2;75;69;92m▖[38;2;86;79;99m[48;2;68;65;90m▀[38;2;102;97;109m[48;2;74;71;95m▀[38;2;116;106;116m[48;2;83;78;98m▀[38;2;118;106;118m[48;2;92;85;104m▀[38;2;123;110;121m[48;2;93;88;108m▀[38;2;115;102;113m[48;2;96;90;115m▀[38;2;116;107;125m[48;2;91;79;87m▄[38;2;118;103;115m[48;2;62;46;50m▄[38;2;103;83;88m[48;2;85;61;60m▖[38;2;81;66;61m[48;2;69;55;55m▘[38;2;104;94;90m[48;2;82;72;68m▐[38;2;115;102;95m[48;2;102;88;82m▌[38;2;74;71;69m[48;2;73;67;67m▀[38;2;94;87;88m[48;2;84;77;78m▐[38;2;91;81;80m[48;2;84;76;75m▜[38;2;154;123;113m[48;2;127;96;87m▐[38;2;129;101;92m[48;2;125;97;90m▟[38;2;103;87;84m[48;2;98;82;79m▌[38;2;141;112;102m[48;2;123;94;84m▐[38;2;180;133;116m[48;2;170;123;106m▌[38;2;131;99;96m[48;2;111;79;76m▌[38;2;134;101;98m[48;2;119;90;89m▟[38;2;120;91;87m[48;2;95;78;79m▄[38;2;98;81;82m[48;2;87;70;72m▛[38;2;87;74;77m[48;2;81;69;72m▚[38;2;104;86;85m[48;2;88;75;78m▄[38;2;103;81;81m[48;2;91;74;75m▟[38;2;127;96;96m[48;2;110;83;82m▗[38;2;142;101;98m[48;2;125;89;88m▟[38;2;229;190;193m[48;2;159;114;114m▗[38;2;242;227;230m[48;2;218;198;201m▟[38;2;240;228;230m[48;2;238;224;229m▄[38;2;242;229;231m[48;2;239;225;230m▄[38;2;243;230;232m[48;2;242;228;231m▗[48;2;242;228;232m▄▄▄▄▄[38;2;243;229;232m[48;2;243;229;232m [38;2;243;229;233m[48;2;243;229;233m  [0m
[38;2;245;236;239m[48;2;243;233;237m▄▄[48;2;244;235;238m▄▄▄▄▄[38;2;246;237;240m▄▄▄▄▄▄[38;2;246;238;239m▄▄▄[38;2;245;237;238m▄[38;2;247;237;238m▄[38;2;246;236;235m[48;2;243;235;236m▄[48;2;243;235;235m▖[38;2;249;228;221m[48;2;228;204;189m▙[38;2;222;179;154m[48;2;197;152;136m▛[38;2;240;205;170m[48;2;213;178;142m▐[38;2;233;195;164m[48;2;201;164;133m▌[38;2;212;173;147m[48;2;187;149;123m▐[38;2;225;196;162m[48;2;216;187;153m▌[38;2;207;176;149m[48;2;188;157;131m▛[38;2;163;135;126m[48;2;124;98;96m▛[38;2;117;99;107m[48;2;85;71;90m▀[38;2;91;79;99m[48;2;75;67;90m▀[38;2;83;75;98m[48;2;76;69;93m▘[38;2;75;72;94m[48;2;70;66;91m▄[38;2;76;73;95m[48;2;68;65;88m▝[38;2;91;84;100m[48;2;67;64;88m▀[38;2;111;102;107m[48;2;86;79;96m▀[38;2;129;118;117m[48;2;94;88;98m▀[38;2;117;108;112m[48;2;88;80;94m▀[38;2;93;85;102m[48;2;85;76;94m▚[38;2;100;92;104m[48;2;80;74;99m▄[38;2;109;99;109m[48;2;83;78;101m▄[38;2;104;94;107m[48;2;84;79;102m▄[38;2;97;88;105m[48;2;88;81;101m▄[38;2;102;92;107m[48;2;87;82;102m▄[38;2;111;98;111m[48;2;89;83;106m▄[38;2;110;100;115m[48;2;97;90;110m▄[38;2;113;107;126m[48;2;106;97;116m▝[38;2;131;118;133m[48;2;112;102;121m▀[38;2;134;121;136m[48;2;113;95;104m▄[38;2;134;113;120m[48;2;95;78;77m▄[38;2;105;89;84m[48;2;94;77;73m▛[38;2;73;65;66m[48;2;70;62;63m▐[38;2;90;81;80m[48;2;85;74;73m▀[38;2;90;82;81m[48;2;84;76;75m▟[38;2;155;126;117m[48;2;124;95;86m▐[38;2;131;103;94m[48;2;121;93;83m▌[38;2;98;86;83m[48;2;94;81;78m▌[38;2;122;99;92m[48;2;110;86;79m▐[38;2;183;137;118m[48;2;176;130;113m▘[38;2;160;115;105m[48;2;150;105;95m▌[38;2;136;98;95m[48;2;132;95;91m▀[38;2;123;102;99m[48;2;97;76;73m▌[38;2;96;83;83m[48;2;84;72;73m▗[38;2;115;94;93m[48;2;101;80;79m▐[38;2;126;101;98m[48;2;112;87;84m▘[38;2;147;107;102m[48;2;113;84;81m▄[38;2;157;109;102m[48;2;147;103;97m▗[38;2;218;184;182m[48;2;162;115;112m▄[38;2;246;228;229m[48;2;225;205;205m▟[38;2;244;228;226m[48;2;240;228;228m▄[38;2;245;229;230m[48;2;242;228;228m▗[38;2;243;230;230m[48;2;242;229;229m▟[48;2;243;230;230m   [38;2;244;229;231m[48;2;244;229;231m [38;2;247;230;231m[48;2;245;229;232m▄▄▄[48;2;243;230;232m▄▄[0m
[38;2;247;239;240m[48;2;246;237;240m▄[38;2;249;240;239m[48;2;246;238;239m▄[48;2;246;237;240m▄▄[48;2;246;238;239m▄[38;2;249;240;242m▄[38;2;247;239;240m▄▄▄▄▄[38;2;247;239;238m▄▄▄[38;2;247;239;240m▄▄▄[38;2;249;238;238m[48;2;249;238;238m [38;2;248;237;236m[48;2;249;236;236m▛[38;2;249;236;236m[48;2;247;235;235m▖[38;2;254;243;236m[48;2;248;235;223m▝[38;2;241;212;182m[48;2;203;166;146m▙[38;2;239;207;170m[48;2;202;168;131m▟[38;2;246;224;181m[48;2;232;207;166m▗[38;2;246;235;191m[48;2;232;204;168m▄[38;2;236;210;174m[48;2;221;196;159m▌[38;2;196;166;146m[48;2;167;137;117m▌[38;2;134;110;115m[48;2;114;90;95m▌[38;2;91;80;95m[48;2;85;73;88m▌[38;2;79;72;91m[48;2;76;69;89m▖[38;2;70;67;91m[48;2;68;65;89m▌[38;2;68;65;89m[48;2;66;62;87m▀[38;2;66;62;87m[48;2;62;59;83m▘[38;2;67;63;88m[48;2;62;59;84m▗[38;2;88;79;96m[48;2;74;68;87m▗[38;2;101;91;101m[48;2;86;77;94m▄[38;2;119;105;110m[48;2;95;85;100m▄[38;2;138;122;117m[48;2;106;95;103m▄[38;2;152;128;123m[48;2;125;108;112m▄[38;2;160;135;127m[48;2;132;115;116m▄[38;2;152;128;123m[48;2;128;111;115m▄[38;2;157;132;127m[48;2;124;107;115m▄[38;2;172;144;135m[48;2;134;114;119m▄[38;2;187;160;146m[48;2;138;118;120m▄[38;2;175;147;136m[48;2;131;112;118m▄[38;2;165;139;134m[48;2;129;115;124m▄[38;2;161;138;139m[48;2;122;109;124m▄[38;2;142;125;133m[48;2;116;105;123m▄[38;2;155;137;152m[48;2;134;117;132m▝[38;2;157;138;153m[48;2;117;98;107m▙[38;2;146;127;136m[48;2;83;70;74m▖[38;2;92;83;81m[48;2;82;73;70m▐[38;2;100;89;85m[48;2;95;84;79m▐[38;2;152;123;114m[48;2;129;100;91m▐[38;2;134;104;96m[48;2;123;93;85m▌[38;2;93;81;80m[48;2;89;76;74m▙[38;2;108;91;86m[48;2;95;81;77m▝[38;2;169;127;112m[48;2;152;111;97m▜[38;2;159;117;105m[48;2;152;110;98m▐[38;2;157;113;105m[48;2;144;103;96m▗[38;2;127;99;97m[48;2;110;82;80m▌[38;2;107;89;86m[48;2;98;79;77m▐[38;2;113;90;87m[48;2;105;81;79m▚[38;2;150;113;105m[48;2;112;82;76m▟[38;2;189;143;133m[48;2;159;110;102m▗[38;2;242;220;217m[48;2;191;154;148m▄[38;2;245;229;226m[48;2;244;228;225m▞[38;2;246;230;224m[48;2;244;227;225m▄[38;2;247;231;226m[48;2;245;228;227m▄[48;2;246;229;228m▄[38;2;247;230;229m[48;2;247;230;229m      [38;2;247;230;230m[48;2;247;230;230m    [0m
[38;2;250;242;240m[48;2;249;240;239m▄▄▄▄▄[38;2;249;240;239m[48;2;247;239;238m▛▀[48;2;249;240;239m    [48;2;247;239;238m▖[38;2;247;239;239m[48;2;247;239;239m  [38;2;250;239;239m[48;2;250;239;239m [38;2;251;240;239m[48;2;250;239;238m▗[38;2;249;238;238m[48;2;245;235;236m▛[38;2;251;238;238m[48;2;241;231;237m▀[38;2;250;237;237m[48;2;235;227;239m▀[38;2;251;235;236m[48;2;228;221;237m▀[38;2;253;236;225m[48;2;242;229;226m▘[38;2;240;213;187m[48;2;198;167;150m▛[38;2;210;169;142m[48;2;187;145;130m▀[38;2;238;211;174m[48;2;222;195;158m▐[38;2;247;236;191m[48;2;236;217;175m▀[38;2;217;190;159m[48;2;189;162;131m▌[38;2;161;132;125m[48;2;137;109;102m▌[38;2;115;96;105m[48;2;105;86;95m▌[38;2;90;81;97m[48;2;84;74;90m▌[38;2;81;74;94m[48;2;77;70;89m▄[38;2;73;69;91m[48;2;68;65;89m▄[38;2;67;63;88m[48;2;63;60;84m▖[38;2;63;60;84m[48;2;62;59;83m▘[38;2;74;69;90m[48;2;66;61;82m▐[38;2;99;89;102m[48;2;90;80;92m▐[38;2;131;115;118m[48;2;116;101;107m▗[38;2;165;140;129m[48;2;143;124;119m▄[38;2;193;163;143m[48;2;166;141;129m▄[38;2;208;179;152m[48;2;185;156;138m▄[38;2;209;180;153m[48;2;188;160;141m▄[38;2;208;176;151m[48;2;181;150;134m▄[38;2;209;178;152m[48;2;186;155;140m▄[38;2;209;177;152m[48;2;197;164;146m▄[38;2;219;188;162m[48;2;210;180;155m▄[38;2;219;190;160m[48;2;211;181;157m▄[38;2;218;189;162m[48;2;212;181;159m▄[38;2;219;190;164m[48;2;200;173;155m▄[38;2;213;186;166m[48;2;188;164;153m▄[38;2;211;184;168m[48;2;167;144;145m▄[38;2;187;166;157m[48;2;140;123;133m▄[38;2;158;140;144m[48;2;150;131;141m▖[38;2;131;117;124m[48;2;104;87;91m▄[38;2;103;88;87m[48;2;89;77;72m▟[38;2;150;117;108m[48;2;137;104;95m▐[38;2;129;99;90m[48;2;121;91;83m▌[38;2;95;81;80m[48;2;90;75;74m▌[38;2;90;78;75m[48;2;86;73;71m▐[38;2;161;122;110m[48;2;145;107;95m▐[38;2;146;109;98m[48;2;133;98;90m▛[38;2;156;116;105m[48;2;148;107;96m▐[38;2;140;107;103m[48;2;116;82;79m▌[38;2;95;78;78m[48;2;91;75;75m▐[38;2;147;112;107m[48;2;122;88;84m▐[38;2;194;154;148m[48;2;154;110;102m▗[38;2;250;223;220m[48;2;193;160;154m▟[38;2;249;230;226m[48;2;248;228;224m▘[38;2;251;229;225m[48;2;247;229;224m▄[38;2;248;230;225m[48;2;246;230;224m▟[38;2;247;231;226m[48;2;247;231;226m      [48;2;249;230;226m▀[48;2;247;231;226m   [48;2;247;230;229m▄▄[0m
[38;2;250;242;240m[48;2;250;239;238m▀▀▀[48;2;249;238;239m▀[38;2;251;240;239m[48;2;245;236;239m▀[38;2;250;239;238m[48;2;244;235;238m▀[48;2;243;236;238m▀[48;2;242;235;239m▀[38;2;251;240;239m[48;2;238;232;240m▀[38;2;250;239;238m[48;2;236;230;240m▀[48;2;237;231;242m▀[48;2;232;229;239m▀[48;2;230;228;243m▀[38;2;249;238;239m[48;2;229;226;243m▀[48;2;227;225;244m▀[38;2;239;231;240m[48;2;222;220;244m▀[38;2;226;223;245m[48;2;218;218;241m▘[38;2;216;217;245m[48;2;215;216;244m▌[38;2;212;214;244m[48;2;209;211;242m▌[38;2;209;211;243m[48;2;204;209;239m▘[38;2;207;196;218m[48;2;145;132;158m▛[38;2;178;142;150m[48;2;151;115;123m▌[38;2;151;114;119m[48;2;141;104;109m▐[38;2;218;187;162m[48;2;190;158;133m▐[38;2;221;193;157m[48;2;207;178;149m▀[38;2;190;161;138m[48;2;171;142;120m▌[38;2;145;122;119m[48;2;129;106;103m▌[38;2;110;97;103m[48;2;102;89;96m▌[38;2;94;86;95m[48;2;94;83;96m▄[38;2;92;87;97m[48;2;89;83;96m▄[38;2;83;79;96m[48;2;75;70;87m▌[38;2;66;63;84m[48;2;61;59;79m▌[38;2;70;66;86m[48;2;62;59;80m▗[38;2;78;72;91m[48;2;72;67;85m▐[38;2;106;95;105m[48;2;95;83;94m▐[38;2;138;119;119m[48;2;124;106;106m▐[38;2;177;152;138m[48;2;160;135;120m▐[38;2;210;182;155m[48;2;196;168;142m▐[38;2;219;190;159m[48;2;215;186;154m▟[38;2;219;188;158m[48;2;215;184;153m▘[38;2;216;184;156m[48;2;212;178;152m▀[38;2;208;175;149m[48;2;207;175;150m▙[38;2;216;183;154m[48;2;211;179;150m▐[38;2;219;188;158m[48;2;215;182;153m▝[38;2;223;191;161m[48;2;217;183;154m▜[38;2;220;188;158m[48;2;217;186;158m▄[38;2;218;187;159m[48;2;215;184;158m▄[38;2;216;185;159m[48;2;212;182;158m▄[38;2;214;186;166m[48;2;212;182;161m▝[38;2;209;186;168m[48;2;204;178;159m▀[38;2;198;176;166m[48;2;191;169;159m▌[38;2;186;168;161m[48;2;163;145;144m▄[38;2;170;153;152m[48;2;139;125;132m▄[38;2;160;143;149m[48;2;149;117;117m▄[38;2;157;131;133m[48;2;127;99;94m▖[38;2;111;90;88m[48;2;108;83;81m▜[38;2;94;79;77m[48;2;90;77;75m▟[38;2;142;112;103m[48;2;126;96;87m▐[38;2;147;115;107m[48;2;123;91;82m▌[38;2;147;111;105m[48;2;128;93;86m▐[38;2;129;98;98m[48;2;108;77;77m▌[38;2;114;88;93m[48;2;98;73;75m▟[38;2;171;133;139m[48;2;138;98;102m▗[38;2;254;223;222m[48;2;179;145;143m▟[38;2;251;226;224m[48;2;249;224;223m▀[48;2;250;225;224m▜[38;2;251;229;225m[48;2;252;228;225m▀[48;2;252;228;226m▀[38;2;252;230;228m[48;2;250;226;228m▀[38;2;251;229;226m[48;2;250;227;228m▀[38;2;249;230;226m[48;2;252;228;226m▀[38;2;251;229;226m[48;2;250;227;228m▀[48;2;249;225;226m▀[38;2;251;229;225m[48;2;246;226;226m▀[38;2;251;229;226m[48;2;249;226;224m▀[38;2;249;230;226m▀[38;2;249;230;225m▀[38;2;249;230;226m[48;2;249;225;226m▀[48;2;251;226;224m▀[38;2;247;231;226m▀[0m
[38;2;233;230;240m[48;2;226;224;239m▀[38;2;232;229;239m[48;2;226;226;240m▀▀[38;2;232;228;244m[48;2;228;225;240m▀[38;2;230;228;244m[48;2;228;225;241m▘[38;2;229;226;245m[48;2;225;223;239m▀[38;2;228;225;244m▀[38;2;225;225;243m[48;2;224;224;239m▀[38;2;224;224;242m[48;2;224;224;242m [38;2;223;223;241m[48;2;223;223;241m [38;2;225;225;243m[48;2;223;223;239m▝[48;2;224;224;242m▀[38;2;226;226;244m[48;2;224;224;239m▀[48;2;225;225;240m▀[38;2;225;225;241m[48;2;224;223;244m▄[38;2;223;223;241m[48;2;222;221;244m▄[38;2;221;221;238m[48;2;220;218;243m▄[38;2;218;218;236m[48;2;214;216;239m▄[38;2;215;214;235m[48;2;209;211;238m▄[38;2;210;212;234m[48;2;204;207;236m▄[38;2;211;199;216m[48;2;159;146;164m▌[38;2;203;171;161m[48;2;179;147;144m▖[38;2;135;108;116m[48;2;125;94;104m▟[38;2;194;166;152m[48;2;162;133;119m▐[38;2;205;179;150m[48;2;199;172;145m▘[38;2;186;158;140m[48;2;168;141;124m▌[38;2;141;123;121m[48;2;124;106;104m▌[38;2;107;96;104m[48;2;99;88;99m▀[38;2;100;90;99m[48;2;95;87;96m▀[38;2;95;87;96m[48;2;90;82;91m▛[38;2;81;75;89m[48;2;74;67;82m▌[38;2;70;66;83m[48;2;66;61;81m▄[38;2;82;75;92m[48;2;73;66;83m▟[38;2;93;86;99m[48;2;88;81;93m▐[38;2;102;92;102m[48;2;99;88;99m▀[38;2;118;103;108m[48;2;109;94;99m▐[38;2;159;136;128m[48;2;142;118;112m▐[38;2;207;179;154m[48;2;182;155;134m▝[38;2;213;184;154m[48;2;197;167;142m▀[38;2;208;177;149m[48;2;199;169;144m▀[38;2;204;170;146m[48;2;191;158;137m▀[38;2;199;165;140m[48;2;182;150;131m▀[38;2;201;167;143m[48;2;184;151;132m▀[38;2;206;172;145m[48;2;192;159;136m▀[38;2;215;181;154m[48;2;197;166;140m▀[38;2;214;181;154m[48;2;196;164;140m▀[38;2;212;179;152m▀[38;2;208;176;152m[48;2;192;161;142m▀[38;2;201;170;148m[48;2;183;154;139m▀[38;2;191;164;148m[48;2;169;145;134m▀[38;2;176;155;146m[48;2;142;125;126m▀[38;2;176;158;153m[48;2;145;128;132m▀[38;2;187;165;155m[48;2;174;151;140m▜[38;2;188;165;155m[48;2;176;157;153m▄[38;2;184;166;161m[48;2;178;160;166m▄[38;2;188;170;171m[48;2;138;114;116m▄[38;2;148;125;129m[48;2;99;79;77m▖[38;2;149;113;105m[48;2;128;92;84m▐[38;2;146;113;105m[48;2;122;88;81m▌[38;2;135;107;105m[48;2;110;83;81m▐[38;2;123;93;98m[48;2;106;80;86m▘[38;2;148;122;133m[48;2;114;87;96m▗[38;2;210;204;222m[48;2;148;127;139m▟[38;2;220;216;233m[48;2;202;208;233m▀[38;2;214;213;234m[48;2;199;205;236m▀[38;2;220;215;235m[48;2;199;204;235m▀[38;2;224;217;234m[48;2;201;203;235m▀[38;2;224;217;233m[48;2;200;202;231m▀[38;2;219;215;235m[48;2;201;203;232m▀[38;2;220;216;236m[48;2;203;204;231m▀[38;2;223;216;234m▀[38;2;222;215;235m[48;2;202;204;228m▀[38;2;217;213;232m[48;2;201;204;228m▀[38;2;217;211;235m[48;2;200;202;229m▀[38;2;217;212;232m[48;2;197;200;229m▀[48;2;197;199;229m▀[38;2;215;210;230m[48;2;196;198;227m▀[48;2;200;201;228m▀[38;2;219;212;229m[48;2;203;206;229m▀[38;2;222;213;230m[48;2;202;206;229m▀[0m
[38;2;223;224;235m[48;2;203;209;235m▀[38;2;225;226;237m[48;2;209;212;236m▀[38;2;224;224;238m[48;2;207;214;235m▀[48;2;204;210;236m▀[48;2;203;211;238m▀[38;2;223;223;237m[48;2;210;213;237m▀[38;2;224;225;236m[48;2;213;217;234m▀[48;2;210;217;236m▀[38;2;223;224;235m[48;2;203;209;235m▀[38;2;214;216;236m[48;2;200;208;238m▀[38;2;216;218;238m[48;2;195;206;236m▀[38;2;223;223;237m[48;2;198;207;236m▀[38;2;221;221;238m[48;2;199;207;236m▀[38;2;223;223;237m[48;2;215;217;237m▀[38;2;224;224;238m[48;2;221;221;235m▀[38;2;224;225;236m[48;2;223;223;237m▄[38;2;223;224;235m[48;2;223;221;236m▄[38;2;223;222;233m[48;2;222;219;235m▄[38;2;221;220;229m[48;2;220;217;232m▄[38;2;218;216;226m[48;2;217;215;224m▌[38;2;242;226;204m[48;2;210;188;184m▄[38;2;233;204;184m[48;2;189;160;141m▌[38;2;171;140;132m[48;2;151;121;118m▗[38;2;181;152;137m[48;2;172;142;127m▞[38;2;184;156;134m[48;2;155;131;119m▀[38;2;170;146;129m[48;2;154;131;120m▀[38;2;144;127;121m[48;2;130;113;107m▌[38;2;105;96;104m[48;2;94;84;92m▌[38;2;87;81;91m[48;2;72;68;84m▀[38;2;83;77;90m[48;2;63;58;75m▀[38;2;66;61;79m[48;2;59;54;74m▜[38;2;83;77;90m[48;2;75;69;82m▐[38;2;83;78;90m[48;2;80;74;87m▀[38;2;89;84;96m[48;2;82;75;91m▀[38;2;87;78;92m[48;2;75;71;88m▀[38;2;98;87;100m[48;2;87;79;93m▀[38;2;124;109;112m[48;2;111;96;99m▐[38;2;150;127;116m[48;2;133;116;111m▀[38;2;174;144;129m[48;2;149;126;118m▀[38;2;181;153;133m[48;2;154;131;120m▀[38;2;174;145;128m[48;2;150;125;117m▀[38;2;168;139;124m[48;2;149;125;115m▀[38;2;169;140;125m[48;2;151;126;116m▀[38;2;173;144;126m[48;2;153;129;118m▀[38;2;169;140;123m[48;2;148;124;114m▀[38;2;175;146;129m[48;2;146;123;115m▀[38;2;178;149;131m[48;2;155;131;123m▀[38;2;181;154;136m[48;2;163;140;130m▀[38;2;173;150;135m[48;2;158;137;128m▀[38;2;152;130;126m[48;2;128;109;115m▀[38;2;119;102;113m[48;2;98;83;99m▀[38;2;147;121;127m[48;2;118;93;98m▐[38;2;199;169;152m[48;2;180;151;133m▐[38;2;214;185;158m[48;2;198;172;155m▄[38;2;215;189;166m[48;2;200;177;165m▄[38;2;209;186;171m[48;2;198;176;171m▄[38;2;200;180;181m[48;2;180;160;165m▙[38;2;191;160;166m[48;2;155;113;109m▄[38;2;150;112;106m[48;2;130;92;86m▌[38;2;135;105;103m[48;2;115;85;83m▐[38;2;139;120;136m[48;2;109;85;95m▗[38;2;166;181;216m[48;2;125;119;146m▟[38;2;179;193;231m[48;2;159;185;224m▀[38;2;180;193;231m[48;2;159;185;225m▀[38;2;172;188;231m▀[38;2;170;186;230m[48;2;161;185;226m▀[38;2;175;188;229m[48;2;166;187;228m▀[38;2;179;189;231m[48;2;169;187;226m▀[38;2;178;188;230m[48;2;166;184;226m▀[38;2;174;187;228m[48;2;155;180;221m▀[38;2;171;185;225m[48;2;147;177;218m▀[38;2;167;180;224m[48;2;144;172;217m▀[38;2;162;181;224m[48;2;143;172;217m▀[38;2;159;178;221m[48;2;144;173;218m▀[38;2;158;179;223m▀[38;2;161;178;224m[48;2;143;172;217m▀[38;2;164;180;224m[48;2;145;174;220m▀[38;2;171;183;224m[48;2;147;177;218m▀[38;2;173;186;224m▀[38;2;172;185;225m[48;2;152;178;221m▀[0m
[38;2;180;195;226m[48;2;126;147;145m▀[38;2;183;198;232m[48;2;133;152;160m▀[38;2;189;203;235m[48;2;147;166;177m▀[38;2;182;199;234m[48;2;150;171;187m▀[38;2;177;197;231m[48;2;158;180;205m▀[38;2;180;198;231m[48;2;158;182;205m▀[38;2;178;196;229m[48;2;163;186;211m▀[38;2;174;194;228m[48;2;166;189;220m▀[48;2;166;188;221m▀[38;2;176;196;230m[48;2;163;187;220m▀[38;2;173;193;229m▀[38;2;171;192;227m[48;2;166;190;223m▜[38;2;178;201;229m[48;2;174;195;227m▗[38;2;187;201;233m[48;2;178;198;228m▀[38;2;195;204;234m[48;2;179;197;225m▀[38;2;213;217;233m[48;2;189;202;227m▀[38;2;219;221;231m[48;2;194;202;227m▀[38;2;221;222;230m[48;2;205;209;228m▀[38;2;218;220;228m[48;2;209;212;226m▀[38;2;222;217;221m[48;2;212;211;218m▀[38;2;246;230;203m[48;2;218;200;176m▛[38;2;205;174;157m[48;2;171;140;128m▘[38;2;196;168;149m[48;2;171;142;124m▐[38;2;200;172;152m[48;2;170;142;122m▌[38;2;133;115;112m[48;2;121;103;100m▌[38;2;136;120;114m[48;2;114;101;103m▀[38;2;127;112;107m[48;2;109;96;98m▀[38;2;86;78;88m[48;2;70;62;71m▌[38;2;62;60;79m[48;2;55;53;72m▘[38;2;60;58;76m[48;2;54;52;71m▗[38;2;70;65;84m[48;2;63;58;77m▐[38;2;91;86;96m[48;2;80;74;86m▗[38;2;108;99;102m[48;2;83;78;88m▄[38;2;121;110;107m[48;2;89;81;92m▄[38;2;107;98;101m[48;2;78;74;90m▄[38;2;102;95;102m[48;2;84;78;91m▄[38;2;106;96;102m[48;2;100;88;94m▟[38;2;119;106;106m[48;2;106;96;102m▀[38;2;125;109;110m[48;2;103;94;99m▀[38;2;126;110;111m[48;2;109;97;101m▀[38;2;124;107;105m[48;2;106;94;98m▀[38;2;123;106;104m[48;2;102;90;94m▀[38;2;126;110;105m[48;2;101;89;93m▀[38;2;131;114;110m[48;2;108;97;99m▀[38;2;130;113;108m[48;2;111;101;99m▀[38;2;126;110;105m[48;2;111;101;102m▀[38;2;129;111;113m[48;2;111;100;103m▀[38;2;134;117;118m[48;2;108;98;107m▀[38;2;134;117;121m[48;2;104;93;104m▀[38;2;115;102;115m[48;2;89;79;95m▘[38;2;125;107;112m[48;2;93;74;86m▗[38;2;191;160;144m[48;2;164;132;117m▐[38;2;224;195;165m[48;2;211;182;152m▐[38;2;227;197;166m[48;2;223;194;163m▌[38;2;220;191;164m[48;2;218;189;160m▀[38;2;216;189;169m[48;2;213;186;165m▌[38;2;204;181;173m[48;2;200;177;165m▀[38;2;195;177;182m[48;2;190;173;174m▀[38;2;198;169;173m[48;2;156;127;131m▌[38;2;169;155;165m[48;2;125;100;103m▗[38;2;153;178;209m[48;2;123;138;169m▟[38;2;148;179;211m[48;2;145;178;214m▗[38;2;146;178;210m[48;2;145;175;215m▄[38;2;148;179;218m[48;2;145;176;213m▝[38;2;152;181;219m[48;2;144;175;210m▀[38;2;154;180;219m▀[38;2;154;180;220m[48;2;142;172;210m▀[38;2;155;181;221m[48;2;141;172;210m▀[38;2;149;178;216m[48;2;142;173;211m▀[38;2;145;175;214m[48;2;144;174;216m▄[38;2;146;178;212m▄[38;2;146;178;213m▄[38;2;144;175;210m[48;2;139;172;213m▄▄[38;2;144;174;213m[48;2;140;173;214m▄[38;2;146;176;215m[48;2;142;173;215m▄[48;2;143;175;214m▄[38;2;147;178;216m[48;2;144;175;215m▖[38;2;145;175;215m[48;2;144;174;216m▟[38;2;147;178;216m[48;2;145;176;211m▜[0m
[38;2;101;132;96m[48;2;99;124;98m▗[38;2;104;138;98m[48;2;98;124;105m▄[38;2;101;132;96m[48;2;95;121;102m▄[38;2;98;125;99m[48;2;95;122;96m▞[38;2;107;134;114m[48;2;93;124;90m▀[38;2;109;136;117m[48;2;97;128;94m▀[38;2;113;139;126m[48;2;101;135;95m▀[38;2;123;148;142m[48;2;97;131;94m▀[38;2;125;149;150m[48;2;99;130;94m▀[38;2;131;153;162m▀[38;2;135;157;165m[48;2;103;134;96m▀[38;2;146;167;181m[48;2;100;131;98m▀[38;2;156;173;191m[48;2;102;129;104m▀[38;2;172;192;215m[48;2;120;146;124m▀[38;2;175;195;221m[48;2;124;153;132m▀[38;2;176;193;217m[48;2;126;153;134m▀[38;2;181;197;222m[48;2;132;154;137m▀[38;2;182;196;216m[48;2;131;154;126m▀[38;2;189;200;221m[48;2;136;157;131m▀[38;2;189;200;214m[48;2;141;159;133m▀[38;2;229;209;190m[48;2;193;174;149m▘[38;2;157;129;122m[48;2;138;114;111m▀[38;2;187;160;141m[48;2;150;126;115m▝[38;2;181;156;132m[48;2;155;133;118m▀[38;2;139;124;118m[48;2;115;100;94m▌[38;2;91;81;90m[48;2;79;68;79m▛[38;2;84;75;87m[48;2;67;60;77m▀[38;2;67;60;76m[48;2;60;54;70m▘[38;2;73;67;77m[48;2;59;54;71m▄[38;2;90;85;93m[48;2;69;64;80m▄[38;2;91;83;92m[48;2;81;75;88m▄[38;2;117;109;110m[48;2;98;90;97m▗[38;2;143;130;120m[48;2;120;109;102m▟[38;2;147;132;121m[48;2;138;122;113m▛[38;2;128;116;113m[48;2;123;111;109m▌[38;2;120;112;111m[48;2;119;109;110m▄[38;2;118;110;111m[48;2;114;105;109m▄[38;2;113;104;108m[48;2;111;103;105m▘[38;2;115;107;108m[48;2;109;100;103m▄[38;2;104;96;103m[48;2;98;89;96m▌[38;2;93;86;97m[48;2;88;81;92m▌[38;2;82;75;88m[48;2;75;70;87m▛[38;2;82;74;86m[48;2;72;67;83m▀[38;2;86;79;86m[48;2;70;65;77m▀[38;2;92;83;89m[48;2;73;65;76m▀[38;2;97;88;91m[48;2;78;71;78m▀[38;2;97;88;94m[48;2;84;77;84m▀[38;2;93;87;97m[48;2;86;80;93m▀[38;2;88;81;98m[48;2;77;72;90m▀[38;2;78;68;87m[48;2;72;63;82m▚[38;2;136;114;115m[48;2;111;89;90m▐[38;2;195;167;145m[48;2;169;141;125m▝[38;2;208;179;150m[48;2;182;152;132m▀[38;2;218;189;160m[48;2;194;163;141m▀[38;2;215;186;160m[48;2;189;159;139m▀[38;2;199;170;152m[48;2;176;146;134m▀[38;2;178;155;147m[48;2;168;145;137m▀[38;2;172;156;157m[48;2;163;146;147m▀[38;2;181;164;174m[48;2;165;154;162m▀[38;2;182;178;181m[48;2;165;161;170m▖[38;2;147;174;195m[48;2;96;124;96m▀[38;2;152;179;200m[48;2;98;131;101m▀[38;2;146;175;197m[48;2;100;134;99m▀[38;2;142;171;191m[48;2;94;130;95m▀[38;2;136;170;182m[48;2;90;126;92m▀[38;2;140;173;194m[48;2;97;132;101m▀[38;2;141;174;195m[48;2;99;135;101m▀[38;2;140;173;192m[48;2;99;135;97m▀[38;2;138;171;184m[48;2;91;127;90m▀[38;2;137;170;182m[48;2;87;123;83m▀[38;2;136;170;179m[48;2;87;123;84m▀[38;2;133;168;174m[48;2;90;127;85m▀[38;2;142;176;188m[48;2;90;126;87m▀[38;2;140;174;187m[48;2;95;132;90m▀[38;2;139;173;185m[48;2;94;131;87m▀[38;2;134;169;171m[48;2;87;125;80m▀[38;2;133;165;169m[48;2;86;124;79m▀[38;2;135;165;175m[48;2;86;123;79m▀[38;2;136;167;174m[48;2;90;127;81m▀[38;2;133;164;174m[48;2;88;125;83m▀[0m
[38;2;81;111;72m[48;2;59;85;66m▀[38;2;79;108;73m[48;2;63;85;73m▀[38;2;84;113;76m[48;2;61;87;76m▀[38;2;77;111;76m[48;2;56;84;58m▀[38;2;76;106;80m[48;2;47;75;50m▀[38;2;80;114;76m[48;2;43;70;48m▀[38;2;78;111;74m[48;2;42;69;51m▀[38;2;80;113;76m[48;2;44;71;51m▀[38;2;82;118;78m[48;2;47;70;49m▀[38;2;85;118;79m[48;2;52;76;52m▀[38;2;87;122;80m[48;2;50;77;57m▀[38;2;84;118;81m[48;2;50;72;60m▀[38;2;84;116;77m[48;2;49;71;60m▀[38;2;85;118;81m[48;2;51;73;61m▀[38;2;82;111;79m[48;2;51;72;58m▀[38;2;87;118;80m[48;2;52;74;55m▀[38;2;85;114;77m[48;2;57;77;60m▀[38;2;93;118;78m[48;2;61;77;55m▀[38;2;97;121;77m[48;2;66;80;56m▀[38;2;100;121;73m[48;2;77;87;64m▀[38;2;174;158;128m[48;2;144;128;99m▐[38;2;133;108;108m[48;2;110;84;87m▛[38;2;125;106;103m[48;2;93;75;81m▀[38;2;128;109;104m[48;2;90;76;83m▀[38;2;110;93;97m[48;2;74;64;74m▀[38;2;82;72;84m[48;2;67;58;72m▘[38;2;74;65;77m[48;2;60;54;67m▄[38;2;74;68;81m[48;2;62;56;69m▟[38;2;110;102;107m[48;2;91;83;88m▐[38;2;117;108;109m[48;2;107;98;100m▙[38;2;111;103;104m[48;2;102;95;100m▄[38;2;128;119;116m[48;2;118;109;106m▐[38;2;134;122;115m[48;2;113;105;104m▀[38;2;120;109;108m[48;2;101;94;99m▀[38;2;113;105;107m[48;2;102;95;100m▀[38;2;117;109;110m[48;2;103;96;101m▀[38;2;111;101;105m[48;2;95;87;97m▀[38;2;102;95;100m[48;2;91;83;95m▀[38;2;102;93;101m[48;2;86;81;93m▀[38;2;91;85;98m[48;2;78;74;91m▀[38;2;79;76;95m[48;2;74;71;90m▘[38;2;71;69;88m[48;2;68;66;84m▌[38;2;65;62;81m[48;2;59;57;75m▀[38;2;63;61;76m[48;2;54;52;67m▀[38;2;64;58;71m[48;2;57;52;68m▀[38;2;63;57;67m[48;2;49;46;58m▀[38;2;71;63;75m[48;2;53;48;60m▀[38;2;79;73;83m[48;2;65;59;69m▜[38;2;71;66;83m[48;2;61;56;72m▌[38;2;72;65;82m[48;2;64;57;74m▐[38;2;112;101;104m[48;2;97;87;90m▐[38;2;144;122;116m[48;2;128;109;107m▝[38;2;151;127;119m[48;2;128;111;109m▀[38;2;143;117;113m[48;2;110;91;97m▀[38;2;160;132;122m[48;2;111;90;97m▀[38;2;186;159;141m[48;2;132;113;115m▀[38;2;182;159;141m[48;2;153;131;128m▀[38;2;178;159;152m[48;2;167;148;141m▗[38;2;174;157;156m[48;2;159;149;150m▄[38;2;182;172;182m[48;2;168;154;166m▝[38;2;159;168;149m[48;2;109;119;99m▌[38;2;87;121;73m[48;2;74;107;66m▀[38;2;88;124;76m[48;2;74;108;68m▀[38;2;94;130;79m[48;2;79;113;72m▀[38;2;87;122;76m[48;2;79;113;73m▄[38;2;88;124;74m[48;2;84;119;73m▙[38;2;91;127;76m[48;2;79;116;69m▄[38;2;87;123;72m[48;2;77;111;70m▄[38;2;92;129;72m[48;2;77;112;70m▄[38;2;103;139;79m[48;2;80;114;70m▄[38;2;104;138;74m[48;2;84;120;71m▄[38;2;112;143;80m[48;2;91;127;73m▄[38;2;116;146;85m[48;2;92;128;77m▄[38;2;131;161;93m[48;2;92;127;71m▄[38;2;132;160;92m[48;2;99;135;75m▄[38;2;144;169;98m[48;2;99;134;78m▄[38;2;150;172;98m[48;2;111;141;80m▄[38;2;159;178;108m[48;2;118;148;87m▄[38;2;153;171;99m[48;2;113;143;83m▄[38;2;149;173;99m[48;2;124;154;89m▄[0m
[38;2;43;66;47m[48;2;40;61;47m▀[38;2;49;70;56m[48;2;39;60;46m▘[38;2;46;66;59m[48;2;38;58;51m▀[38;2;54;72;47m[48;2;40;61;41m▗[38;2;41;63;46m[48;2;40;60;40m▀[38;2;43;65;47m[48;2;37;59;42m▄[38;2;39;61;44m[48;2;34;55;41m▄[38;2;43;66;47m[48;2;38;60;46m▄[38;2;44;65;53m[48;2;37;59;41m▄[38;2;43;64;55m[48;2;38;60;42m▄[38;2;45;67;49m[48;2;41;63;46m▟[38;2;44;65;51m[48;2;40;62;51m▖[38;2;44;66;47m[48;2;38;60;51m▄[38;2;43;65;51m[48;2;41;63;50m▐[38;2;41;62;47m[48;2;38;60;42m▛[38;2;42;62;50m[48;2;40;60;48m▐[38;2;52;67;54m[48;2;48;64;51m▐[38;2;60;72;50m[48;2;57;69;48m▐[38;2;74;79;63m[48;2;68;74;54m▖[38;2;193;178;132m[48;2;81;75;40m▗[38;2;236;200;154m[48;2;190;154;107m▌[38;2;142;119;111m[48;2;114;89;91m▄[38;2;124;102;99m[48;2;89;73;77m▄[38;2;98;84;94m[48;2;70;58;69m▖[38;2;63;56;74m[48;2;58;51;67m▄[38;2;101;93;102m[48;2;72;62;71m▐[38;2;112;102;106m[48;2;98;87;92m▌[38;2;103;96;100m[48;2;85;80;88m▄[38;2;110;101;104m[48;2;99;92;97m▄[38;2;122;112;111m[48;2;116;108;107m▟[38;2;124;115;113m[48;2;121;111;110m▌[38;2;115;107;110m[48;2;107;99;102m▌[38;2;102;95;102m[48;2;95;89;96m▘[38;2;96;90;101m[48;2;94;88;96m▄[38;2;94;88;99m[48;2;89;84;94m▌[38;2;84;77;93m[48;2;74;69;86m▀[38;2;75;71;88m[48;2;69;67;86m▀[38;2;77;73;90m▀[38;2;75;73;89m[48;2;71;69;88m▀[38;2;73;70;89m[48;2;72;69;88m▀[38;2;74;72;90m[48;2;73;70;89m▘[38;2;72;69;88m[48;2;68;66;84m▘[38;2;62;60;78m[48;2;54;52;71m▌[38;2;47;45;60m[48;2;41;39;55m▛[38;2;49;43;56m[48;2;39;36;48m▀[38;2;50;45;58m[48;2;46;41;54m▚[38;2;41;36;49m[48;2;36;31;44m▌[38;2;55;48;64m[48;2;33;32;44m▀[38;2;64;59;71m[48;2;52;46;59m▜[38;2;93;86;93m[48;2;81;75;85m▄[38;2;95;86;95m[48;2;85;76;85m▐[38;2;120;109;108m[48;2;111;100;99m▐[38;2;129;114;109m[48;2;126;111;107m▙[38;2;121;109;115m[48;2;101;88;95m▌[38;2;88;76;96m[48;2;73;67;94m▀[38;2;73;63;94m[48;2;67;60;92m▘[38;2;76;67;100m[48;2;68;62;92m▝[38;2;86;78;104m[48;2;68;64;93m▀[38;2;101;91;115m[48;2;71;66;95m▀[38;2;132;121;141m[48;2;86;82;107m▀[38;2;164;155;163m[48;2;126;115;134m▜[38;2;161;167;145m[48;2;112;131;88m▖[38;2;114;143;82m[48;2;97;127;69m▀[38;2;117;146;88m[48;2;113;144;85m▀[38;2;137;166;104m[48;2;124;153;90m▐[38;2;146;170;111m[48;2;142;167;99m▄[38;2;158;179;117m[48;2;134;162;95m▄[38;2;161;178;113m[48;2;138;166;97m▄[38;2;172;184;114m[48;2;135;164;92m▄[38;2;159;177;107m[48;2;134;164;91m▄[38;2;184;193;127m[48;2;141;169;103m▄[38;2;181;193;125m[48;2;144;172;105m▄[38;2;184;195;125m[48;2;147;172;104m▄[38;2;174;189;113m[48;2;135;166;96m▄[38;2;152;175;98m[48;2;135;166;99m▄[38;2;160;180;100m[48;2;134;166;100m▄[38;2;167;185;106m[48;2;143;173;108m▄[38;2;145;174;111m[48;2;139;165;94m▀[38;2;156;179;102m[48;2;142;170;101m▄[38;2;159;181;110m[48;2;142;172;99m▄[0m
[38;2;81;108;70m[48;2;58;76;47m▄[38;2;81;111;71m[48;2;49;70;56m▄[38;2;93;116;88m[48;2;52;67;60m▄[38;2;86;118;62m[48;2;59;75;40m▄[38;2;92;127;70m[48;2;51;73;40m▄[38;2;94;127;66m[48;2;48;73;48m▄[38;2;95;129;67m[48;2;50;73;45m▄[38;2;98;131;70m▄[38;2;93;127;65m[48;2;48;72;45m▄[38;2;95;131;71m[48;2;53;76;49m▄[38;2;94;126;70m[48;2;47;72;45m▄[38;2;93;128;72m[48;2;47;72;44m▄[38;2;95;127;72m[48;2;47;70;43m▄[38;2;138;154;70m[48;2;51;75;47m▄[38;2;118;145;67m[48;2;57;81;45m▄[38;2;116;139;79m[48;2;54;73;39m▄[38;2;126;145;75m[48;2;62;77;47m▄[38;2;139;154;79m[48;2;79;91;58m▄[38;2;137;150;77m[48;2;82;89;48m▄[38;2;236;205;134m[48;2;173;146;80m▟[38;2;239;206;163m[48;2;210;177;134m▌[38;2;173;145;131m[48;2;155;127;112m▌[38;2;161;137;125m[48;2;137;113;106m▗[38;2;130;112;113m[48;2;101;83;84m▌[38;2;128;112;110m[48;2;94;82;90m▄[38;2;129;114;110m[48;2;114;104;103m▄[38;2;124;111;111m[48;2;113;102;105m▄[38;2;119;109;108m[48;2;114;104;108m▄[38;2;120;112;111m[48;2;117;109;108m▝[38;2;122;114;112m[48;2;113;105;106m▀[38;2;116;108;109m[48;2;106;99;103m▀[38;2;105;98;105m[48;2;99;93;101m▘[38;2;105;99;106m[48;2;102;96;102m▐[38;2;107;100;106m[48;2;103;96;102m▌[38;2;94;88;99m[48;2;88;82;92m▌[38;2;77;74;89m[48;2;73;70;85m▌[38;2;73;70;87m[48;2;69;67;85m▖[38;2;69;67;86m[48;2;68;66;84m▄[38;2;70;68;87m[48;2;68;66;85m▝[38;2;72;69;88m[48;2;70;68;87m▘[38;2;70;68;87m[48;2;69;67;86m▀[38;2;68;66;85m[48;2;66;63;82m▌[38;2;62;60;79m[48;2;60;57;76m▌[38;2;56;54;73m[48;2;49;47;66m▙[38;2;49;47;65m[48;2;42;40;58m▄[38;2;44;41;59m[48;2;41;39;57m▞[38;2;39;37;54m[48;2;36;34;51m▌[38;2;33;31;46m[48;2;28;26;39m▖[38;2;49;45;61m[48;2;33;30;46m▝[38;2;90;85;92m[48;2;54;51;63m▜[38;2;93;86;88m[48;2;87;80;86m▝[38;2;118;106;103m[48;2;106;94;92m▐[38;2;126;112;107m[48;2;111;100;94m▛[38;2;96;89;105m[48;2;66;60;81m▘[38;2;67;62;91m[48;2;66;61;90m▗[38;2;67;65;93m[48;2;66;62;91m▗[38;2;66;61;90m[48;2;58;55;79m▀[38;2;67;62;91m[48;2;59;55;80m▀[38;2;67;63;92m[48;2;62;58;87m▜[38;2;93;87;110m[48;2;76;71;96m▗[38;2;126;116;136m[48;2;107;97;117m▐[38;2;179;163;177m[48;2;156;140;154m▐[38;2;185;177;176m[48;2;132;152;111m▄[38;2;120;150;90m[48;2;103;144;77m▄[38;2;107;143;80m[48;2;96;133;75m▄[38;2;98;135;78m[48;2;89;127;74m▄[38;2;102;140;81m[48;2;91;128;84m▄[38;2;120;152;87m[48;2;96;129;70m▗[38;2;116;149;86m[48;2;106;139;76m▞[38;2;128;155;95m[48;2;109;146;76m▀[38;2;142;164;106m[48;2;105;143;79m▀[38;2;147;165;95m[48;2;102;141;73m▀[38;2;145;162;90m[48;2;111;143;69m▀[38;2;138;160;90m[48;2;102;138;60m▀[38;2;138;159;97m[48;2;108;146;82m▀[38;2;137;158;92m[48;2;108;147;79m▀[38;2;128;153;88m[48;2;99;142;75m▀[38;2;124;154;89m[48;2;111;150;86m▝[38;2;121;153;88m[48;2;102;148;79m▀[38;2;126;156;95m[48;2;108;152;82m▀[0m
[38;2;132;152;75m[48;2;116;147;77m▄[38;2;144;164;81m[48;2;119;152;77m▄[38;2;154;168;84m[48;2;131;162;85m▄[38;2;140;173;91m[48;2;142;164;84m▝[38;2;148;179;100m[48;2;148;166;87m▘[38;2;145;169;88m[48;2;154;166;83m▜[38;2;142;163;86m[48;2;138;159;82m▞[38;2;145;167;92m[48;2;144;166;91m▚[38;2;140;170;94m[48;2;147;164;82m▀[38;2;149;173;90m[48;2;142;161;82m▀[38;2;150;176;94m[48;2;138;157;78m▀[38;2;144;173;101m[48;2;139;157;78m▀[38;2;141;168;89m[48;2;140;165;79m▜[38;2;158;183;105m[48;2;149;174;92m▝[38;2;150;177;99m[48;2;144;170;88m▀[38;2;150;175;103m[48;2;145;171;90m▘[38;2;153;179;101m[48;2;152;172;85m▀[38;2;166;188;98m[48;2;162;180;88m▝[38;2;228;220;132m[48;2;197;189;100m▐[38;2;252;234;184m[48;2;231;203;144m▟[38;2;246;223;188m[48;2;214;192;157m▌[38;2;187;155;137m[48;2;154;122;104m▌[38;2;189;160;140m[48;2;162;133;116m▟[38;2;156;133;125m[48;2;131;108;100m▌[38;2;158;137;129m[48;2;141;120;112m▐[38;2;167;145;130m[48;2;147;128;118m▖[38;2;138;123;117m[48;2;131;116;111m▄[38;2;129;116;114m[48;2;123;110;108m▌[38;2;113;105;107m[48;2;108;99;101m▌[38;2;101;94;99m[48;2;95;88;95m▛[38;2;95;89;97m[48;2;93;87;95m▀[38;2;98;93;101m[48;2;95;90;97m▝[38;2;107;100;104m[48;2;102;95;101m▝[38;2;109;100;103m[48;2;106;96;102m▀[38;2;101;96;102m[48;2;96;92;97m▌[38;2;90;84;96m[48;2;83;77;89m▌[38;2;77;74;89m[48;2;74;70;86m▌[38;2;73;70;89m[48;2;70;68;87m▙[38;2;70;68;87m[48;2;69;67;86m▙▄[38;2;72;69;88m[48;2;70;68;87m▄[38;2;71;68;88m[48;2;68;66;86m▌[38;2;65;62;83m[48;2;59;56;77m▌[38;2;54;52;70m[48;2;51;48;67m▛▘[38;2;50;48;67m[48;2;47;45;63m▄[38;2;46;44;62m[48;2;43;40;59m▄[38;2;46;42;65m[48;2;39;37;56m▄[38;2;40;38;57m[48;2;32;30;49m▄[38;2;47;45;61m[48;2;32;30;46m▝[38;2;70;65;81m[48;2;47;45;64m▀[38;2;93;82;85m[48;2;64;58;71m▀[38;2;132;118;113m[48;2;111;97;92m▚[38;2;89;82;98m[48;2;63;57;78m▖[38;2;75;70;99m[48;2;68;63;92m▄[38;2;81;75;101m[48;2;71;69;94m▖[38;2;64;57;78m[48;2;39;32;53m▌[38;2;53;45;64m[48;2;41;32;52m▐[38;2;62;54;77m[48;2;62;48;68m▀[38;2;86;77;96m[48;2;65;53;81m▀[38;2;120;110;123m[48;2;81;74;104m▀[38;2;163;154;168m[48;2;130;120;134m▐[38;2;199;179;192m[48;2;183;164;177m▞[38;2;192;192;180m[48;2;150;162;129m▙[38;2;146;177;109m[48;2;126;166;95m▄[38;2;146;177;110m[48;2;129;165;103m▄[38;2;141;176;108m[48;2;124;162;98m▄[38;2;142;178;100m[48;2;127;168;102m▄[38;2;153;185;108m[48;2;139;173;100m▗[38;2;152;183;116m[48;2;137;169;96m▄[38;2;146;181;112m[48;2;128;167;96m▄[38;2;145;178;113m[48;2;131;167;93m▟[38;2;140;177;111m[48;2;128;168;94m▄[38;2;146;184;114m[48;2;128;168;99m▄[38;2;151;186;114m[48;2;134;174;103m▄[38;2;155;188;115m[48;2;136;174;99m▄[38;2;153;186;111m[48;2;131;170;90m▄[38;2;158;189;115m[48;2;136;173;98m▄[38;2;154;187;105m[48;2;138;174;96m▄[38;2;153;185;105m[48;2;138;176;93m▄[0m
[38;2;222;209;95m[48;2;185;180;91m▄[38;2;226;217;97m[48;2;201;194;96m▄[38;2;222;209;93m[48;2;209;201;97m▄[38;2;220;208;99m[48;2;198;189;95m▙[38;2;221;207;99m[48;2;206;197;103m▄[38;2;219;207;99m[48;2;214;205;98m▟[38;2;221;206;94m[48;2;198;189;87m▄[38;2;221;206;92m[48;2;191;184;90m▄[38;2;228;215;101m[48;2;190;183;88m▄[38;2;224;209;92m[48;2;183;176;81m▄[38;2;225;208;100m[48;2;174;166;77m▄[38;2;219;195;110m[48;2;165;152;73m▗[38;2;209;195;90m[48;2;156;158;78m▄[38;2;201;189;90m[48;2;159;163;76m▄[38;2;212;193;108m[48;2;161;159;74m▖[38;2;193;169;88m[48;2;152;152;74m▄[38;2;201;184;85m[48;2;163;164;77m▄[38;2;215;195;99m[48;2;173;168;79m▄[38;2;253;243;189m[48;2;247;228;155m▄[38;2;245;235;197m[48;2;236;216;182m▀[38;2;233;208;172m[48;2;214;186;151m▘[38;2;179;147;126m[48;2;165;133;112m▌[38;2;207;173;148m[48;2;200;167;144m▟[38;2;176;144;128m[48;2;153;124;111m▙[38;2;193;163;144m[48;2;168;139;124m▟[38;2;181;154;136m[48;2;163;136;118m▌[38;2;146;126;121m[48;2;140;120;115m▌[38;2;131;117;116m[48;2;126;111;111m▌[38;2;116;106;111m[48;2;111;100;105m▌[38;2;107;97;101m[48;2;99;92;99m▄[38;2;109;100;103m[48;2;100;93;100m▄[38;2;106;96;102m[48;2;97;93;96m▄[38;2;102;95;102m[48;2;97;90;97m▖[38;2;98;91;98m[48;2;92;87;95m▀[38;2;95;88;95m[48;2;89;83;92m▀[38;2;93;87;97m[48;2;88;82;93m▘[38;2;89;83;94m[48;2;81;77;90m▄[38;2;78;76;92m[48;2;75;73;89m▄[38;2;76;74;92m[48;2;72;69;88m▄[38;2;74;72;90m▄[38;2;73;70;91m[48;2;72;69;89m▌[38;2;72;68;93m[48;2;70;67;91m▙[38;2;68;65;89m[48;2;66;62;87m▌[38;2;63;59;84m[48;2;57;53;76m▄[38;2;56;53;75m[48;2;50;47;67m▖[38;2;52;49;68m[48;2;49;47;66m▐[38;2;55;52;74m[48;2;50;48;67m▄[38;2;53;50;74m[48;2;48;46;65m▄[38;2;53;49;74m[48;2;48;46;64m▄[38;2;47;44;63m[48;2;40;38;57m▄[38;2;44;41;60m[48;2;38;36;54m▄[38;2;50;47;66m[48;2;46;43;62m▐[38;2;80;72;81m[48;2;58;53;67m▝[38;2;80;75;95m[48;2;72;66;85m▘[38;2;81;78;103m[48;2;74;70;95m▐[38;2;81;75;100m[48;2;68;62;88m▌[38;2;67;56;75m[48;2;43;32;52m▌[38;2;50;37;49m[48;2;38;25;37m▐[38;2;59;42;54m[48;2;52;33;41m▜[38;2;129;102;107m[48;2;84;64;85m▄[38;2;89;83;109m[48;2;76;71;97m▐[38;2;131;128;146m[48;2;104;101;118m▐[38;2;185;175;188m[48;2;131;120;134m▌[38;2;173;162;178m[48;2;121;110;126m▐[38;2;203;204;161m[48;2;151;162;110m▙[38;2;180;195;93m[48;2;153;180;91m▄[38;2;184;198;103m[48;2;149;175;88m▄[38;2;173;187;89m[48;2;145;173;85m▄[38;2;173;187;91m[48;2;150;178;89m▄[38;2;170;187;92m[48;2;157;185;97m▄[38;2;172;188;92m[48;2;158;184;103m▄[38;2;181;195;102m[48;2;158;185;100m▄[38;2;172;193;102m[48;2;165;186;95m▐[38;2;181;195;100m[48;2;164;191;106m▄[38;2;178;194;97m[48;2;167;188;96m▄[38;2;186;197;99m[48;2;175;193;104m▄[38;2;182;194;101m[48;2;167;185;113m▄[38;2;185;197;104m[48;2;166;184;114m▄[38;2;178;190;108m[48;2;158;183;102m▄[38;2;174;189;102m[48;2;155;182;101m▄[0m
[38;2;220;206;87m[48;2;214;194;82m▀[38;2;219;200;85m[48;2;216;197;82m▌[38;2;219;200;88m[48;2;215;195;87m▗[38;2;225;208;93m[48;2;216;197;83m▝[38;2;227;214;96m[48;2;224;208;90m▜[38;2;227;210;96m[48;2;219;202;88m▌[38;2;225;204;91m[48;2;223;202;89m▌[38;2;224;202;90m[48;2;213;189;80m▄[38;2;228;208;94m[48;2;222;204;92m▖[38;2;222;202;89m[48;2;217;196;83m▌[38;2;217;190;93m[48;2;169;134;49m▛[38;2;200;164;92m[48;2;166;130;59m▐[38;2;221;196;104m[48;2;172;147;55m▌[38;2;232;212;113m[48;2;204;184;84m▐[38;2;219;189;112m[48;2;151;116;47m▘[38;2;218;193;92m[48;2;211;183;92m▄[38;2;234;209;108m[48;2;190;165;64m▐[38;2;254;243;165m[48;2;240;226;149m▐[38;2;243;232;191m[48;2;233;213;176m▀[38;2;225;197;162m[48;2;205;171;142m▀[38;2;194;160;133m[48;2;172;135;113m▀[38;2;183;146;126m[48;2;176;140;121m▗[38;2;211;178;148m[48;2;208;174;147m▄[38;2;206;170;143m[48;2;191;156;134m▄[38;2;220;186;157m[48;2;212;181;153m▄[38;2;198;167;146m[48;2;176;145;124m▌[38;2;155;131;124m[48;2;147;122;115m▌[38;2;136;118;117m[48;2;130;112;111m▌[38;2;123;112;112m[48;2;119;109;110m▙[38;2;122;111;108m[48;2;112;104;106m▄[38;2;123;112;109m[48;2;116;108;109m▄[38;2;121;111;110m[48;2;114;106;108m▄[38;2;111;102;106m[48;2;105;95;100m▌[38;2;95;88;97m[48;2;91;83;92m▌[38;2;88;82;93m[48;2;86;80;90m▄[38;2;89;83;94m[48;2;87;81;91m▄[38;2;90;84;95m[48;2;89;83;94m▟[38;2;87;82;98m[48;2;85;80;96m▄[38;2;85;82;99m[48;2;81;79;97m▄[38;2;82;80;98m[48;2;78;75;94m▄[38;2;78;75;94m[48;2;75;72;94m▄[38;2;75;72;94m[48;2;73;69;94m▄[38;2;72;68;93m[48;2;69;66;90m▙[38;2;69;66;90m[48;2;66;62;87m▖[38;2;63;59;84m[48;2;58;54;79m▙[38;2;56;53;77m[48;2;52;48;70m▄[48;2;54;51;75m▐[38;2;58;54;79m[48;2;56;53;77m▄[38;2;59;55;80m▄[38;2;57;53;77m[48;2;51;47;69m▙[38;2;55;53;71m[48;2;47;45;64m▄[38;2;54;52;71m[48;2;49;47;66m▟[38;2;72;68;87m[48;2;62;58;77m▐[38;2;94;83;98m[48;2;78;68;82m▌[38;2;69;65;85m[48;2;62;52;64m▀[38;2;63;55;79m[48;2;54;46;63m▘[38;2;92;74;85m[48;2;55;42;57m▄[38;2;57;43;50m[48;2;51;37;44m▄[38;2;60;41;50m[48;2;53;35;43m▐[38;2;133;107;116m[48;2;95;74;89m▘[38;2;86;81;109m[48;2;74;69;96m▐[38;2;124;121;138m[48;2;102;100;116m▐[38;2;178;170;180m[48;2;139;130;141m▌[38;2;169;156;173m[48;2;113;99;116m▐[38;2;223;209;188m[48;2;204;190;173m▝[38;2;198;208;102m[48;2;195;202;96m▝[38;2;199;208;97m[48;2;196;204;94m▞[38;2;196;206;99m[48;2;196;201;92m▀[38;2;201;208;98m[48;2;192;201;96m▗[38;2;205;208;97m[48;2;192;199;93m▄[38;2;203;206;89m[48;2;196;196;79m▄[38;2;198;203;89m[48;2;187;195;93m▄[38;2;202;204;94m[48;2;185;196;86m▄[38;2;207;212;101m[48;2;188;197;89m▗[38;2;203;210;92m[48;2;183;191;92m▄[38;2;204;205;98m[48;2;184;195;85m▄[38;2;210;212;98m[48;2;186;197;89m▄[38;2;207;214;93m[48;2;192;201;92m▄[38;2;207;211;91m[48;2;192;204;93m▄[38;2;209;216;97m[48;2;190;202;94m▄[0m
[38;2;210;181;88m[48;2;198;169;79m▗[38;2;208;180;77m[48;2;204;176;74m▀[38;2;216;188;81m[48;2;215;186;80m▐[38;2;214;187;80m[48;2;210;180;78m▝[38;2;218;194;83m[48;2;208;176;77m▀[38;2;218;191;82m[48;2;202;168;73m▀[38;2;215;185;79m[48;2;196;163;70m▀[38;2;215;189;81m[48;2;197;162;74m▀[38;2;217;192;82m[48;2;201;168;72m▀[38;2;219;197;85m[48;2;207;174;79m▀[38;2;206;168;96m[48;2;145;107;35m▌[38;2;209;180;87m[48;2;196;161;76m▀[38;2;210;175;93m[48;2;167;132;50m▌[38;2;204;169;92m[48;2;166;130;53m▐[38;2;185;149;71m[48;2;148;112;40m▟[38;2;218;191;88m[48;2;209;178;79m▛[38;2;252;228;142m[48;2;212;186;99m▐[38;2;252;236;189m[48;2;231;215;168m▌[38;2;219;188;155m[48;2;200;166;137m▛[38;2;188;151;134m[48;2;160;123;106m▌[38;2;149;110;102m[48;2;119;80;76m▜[38;2;192;154;136m[48;2;174;137;119m▐[38;2;225;193;160m[48;2;216;183;152m▖[38;2;221;186;157m[48;2;212;177;148m▐[38;2;227;194;163m[48;2;218;185;154m▌[38;2;199;165;145m[48;2;183;149;128m▌[38;2;169;140;128m[48;2;161;132;120m▌[38;2;144;124;119m[48;2;135;115;110m▌[38;2;130;112;111m[48;2;123;110;110m▄[38;2;137;122;117m[48;2;126;116;112m▄[38;2;136;121;116m[48;2;129;116;114m▄[38;2;126;116;114m[48;2;122;111;110m▌[38;2;114;104;108m[48;2;109;100;103m▌[38;2;103;96;101m[48;2;99;91;101m▄[38;2;100;94;102m[48;2;94;88;99m▄[38;2;97;92;102m▄[48;2;95;89;99m▄[38;2;96;90;103m[48;2;91;88;101m▄[38;2;92;88;102m[48;2;89;84;101m▙[38;2;88;86;102m[48;2;85;83;99m▄[38;2;84;82;101m[48;2;80;78;96m▄[38;2;81;77;100m[48;2;76;73;95m▖[38;2;75;72;94m[48;2;74;70;95m▙[38;2;74;70;95m[48;2;71;68;92m▄[38;2;70;67;91m[48;2;67;64;88m▄[38;2;67;63;88m[48;2;61;58;82m▄[38;2;60;56;81m[48;2;55;52;76m▄[38;2;59;55;80m[48;2;57;53;78m▝[38;2;61;60;83m[48;2;59;58;81m▗[38;2;67;66;89m[48;2;63;62;86m▗[38;2;71;70;91m[48;2;63;62;83m▄[38;2;74;74;91m[48;2;62;60;78m▄[38;2;73;70;89m[48;2;65;62;81m▟[38;2;87;85;103m[48;2;80;79;97m▐[38;2;99;99;114m[48;2;83;78;90m▄[38;2;117;113;128m[48;2;88;82;95m▟[38;2;160;147;159m[48;2;143;130;141m▚[38;2;137;111;116m[48;2;101;77;81m▄[38;2;89;71;73m[48;2;68;54;63m▄[38;2;79;65;85m[48;2;71;58;73m▀[38;2;78;71;93m[48;2;68;62;83m▐[38;2;123;122;135m[48;2;92;92;105m▐[38;2;157;148;163m[48;2;89;81;95m▌[38;2;170;161;176m[48;2;111;102;117m▐[38;2;184;168;163m[48;2;172;156;157m▀[38;2;212;203;111m[48;2;196;187;95m▌[38;2;203;191;79m[48;2;179;157;88m▀[38;2;200;201;88m[48;2;197;187;93m▀[38;2;207;209;91m[48;2;199;195;83m▀[38;2;208;208;92m[48;2;205;202;84m▜[38;2;211;213;93m[48;2;209;206;88m▀[38;2;210;209;93m[48;2;207;206;90m▚[38;2;221;222;98m[48;2;214;213;99m▗[38;2;228;233;102m[48;2;217;220;94m▝[38;2;228;237;104m[48;2;226;230;101m▀[38;2;230;235;102m[48;2;223;226;102m▙[38;2;233;240;100m[48;2;229;233;102m▄[38;2;235;242;102m[48;2;228;233;100m▄[38;2;237;243;102m[48;2;227;233;99m▄[38;2;235;241;104m[48;2;225;231;100m▙[0m
[38;2;210;177;83m[48;2;202;169;75m▌[38;2;205;171;77m[48;2;203;168;74m▐[38;2;205;172;76m[48;2;201;167;72m▚[38;2;207;171;80m[48;2;193;158;69m▖[38;2;207;173;80m[48;2;197;161;72m▝[38;2;203;169;74m[48;2;195;160;71m▀[38;2;203;169;78m[48;2;196;162;72m▐[38;2;205;172;80m[48;2;198;165;73m▌[38;2;207;172;83m[48;2;200;164;76m▞[38;2;207;175;81m[48;2;202;169;75m▐[38;2;207;174;82m[48;2;192;158;66m▙[38;2;196;158;78m[48;2;181;142;63m▞[38;2;197;159;83m[48;2;184;147;68m▗[38;2;187;151;71m[48;2;183;147;66m▙[38;2;194;158;79m[48;2;191;153;73m▝[38;2;231;195;104m[48;2;206;169;81m▗[38;2;254;238;176m[48;2;240;220;158m▐[38;2;236;213;178m[48;2;213;189;154m▌[38;2;198;163;138m[48;2;178;143;117m▌[38;2;157;119;110m[48;2;133;93;85m▌[38;2;162;120;116m[48;2;118;76;71m▐[38;2;229;195;165m[48;2;192;159;128m▐[38;2;230;198;163m[48;2;218;186;151m▌[38;2;227;193;160m[48;2;219;185;152m▐[38;2;226;193;164m[48;2;212;179;149m▌[38;2;201;164;143m[48;2;192;155;134m▌[38;2;183;151;135m[48;2;173;141;125m▌[38;2;154;130;120m[48;2;144;120;112m▙[38;2;147;126;117m[48;2;139;120;116m▄[38;2;145;130;119m[48;2;141;125;117m▟[38;2;142;127;120m[48;2;138;123;116m▌[38;2;131;119;116m[48;2;126;115;111m▌[38;2;122;111;110m[48;2;114;106;107m▄[38;2;116;107;110m[48;2;110;101;105m▖[38;2;110;101;107m[48;2;105;97;103m▖[38;2;104;100;106m[48;2;102;97;103m▄[38;2;102;96;104m[48;2;100;94;102m▄[38;2;100;94;105m[48;2;98;92;103m▌[38;2;95;91;104m[48;2;91;88;101m▖[38;2;90;87;103m[48;2;89;87;102m▙[38;2;90;88;104m[48;2;88;85;101m▌[38;2;87;85;100m[48;2;84;82;98m▄[38;2;85;82;99m[48;2;78;76;95m▄[38;2;80;76;98m[48;2;75;72;94m▄[38;2;76;73;97m[48;2;72;69;93m▖[38;2;72;70;94m[48;2;69;66;90m▄[38;2;70;69;93m[48;2;65;64;87m▄[38;2;65;64;88m[48;2;59;58;81m▄[38;2;67;66;89m[48;2;62;61;85m▗[38;2;68;70;93m[48;2;67;67;90m▗[38;2;76;79;99m[48;2;72;74;94m▐[38;2;89;93;109m[48;2;85;86;103m▗[38;2;96;96;111m[48;2;83;83;100m▄[38;2;90;90;106m[48;2;85;85;103m▄[38;2;99;99;113m[48;2;93;93;107m▐[38;2;112;110;125m[48;2;106;104;119m▐[38;2;132;127;140m[48;2;122;117;130m▐[38;2;164;148;157m[48;2;146;131;140m▚[38;2;152;132;134m[48;2;103;82;81m▖[38;2;118;96;96m[48;2;97;74;74m▚[38;2;120;90;98m[48;2;75;53;63m▖[38;2;81;70;86m[48;2;51;42;63m▀[38;2;93;88;108m[48;2;76;72;91m▐[38;2;168;161;173m[48;2;120;113;126m▐[38;2;165;147;153m[48;2;151;134;144m▀[38;2;216;198;138m[48;2;183;165;105m▌[38;2;199;186;85m[48;2;186;174;73m▐[38;2;203;192;88m[48;2;198;186;82m▞[38;2;204;193;81m[48;2;196;184;73m▚[38;2;209;201;93m[48;2;200;192;84m▌[38;2;207;200;86m[48;2;201;184;86m▀[38;2;207;199;83m[48;2;199;191;75m▐[38;2;215;207;88m[48;2;205;194;73m▜[38;2;213;208;88m[48;2;209;202;83m▛[38;2;218;213;94m[48;2;212;205;89m▀[38;2;218;214;90m[48;2;210;200;87m▀[38;2;227;225;98m[48;2;214;200;93m▀[38;2;230;229;97m[48;2;218;209;89m▀[38;2;235;232;96m[48;2;222;217;88m▘[38;2;234;231;88m[48;2;223;209;75m▀[0m