[38;2;170;144;128m[48;2;115;89;74m▐[38;2;151;128;110m[48;2;146;119;103m▀[38;2;130;114;100m[48;2;109;93;79m▌[38;2;112;96;91m[48;2;107;91;86m▟[38;2;111;92;82m[48;2;95;80;74m▙[38;2;118;103;96m[48;2;101;85;78m▐[38;2;122;107;94m[48;2;103;88;75m▐[38;2;128;113;101m[48;2;121;106;95m▐[38;2;129;115;109m[48;2;112;99;92m▐[38;2;108;95;87m[48;2;81;67;60m▌[38;2;122;111;99m[48;2;114;104;91m▄[38;2;125;114;100m[48;2;95;85;71m▐[38;2;152;140;131m[48;2;139;130;119m▘[38;2;157;148;139m[48;2;145;136;125m▄[38;2;187;194;208m[48;2;165;171;185m▐[38;2;179;194;221m[48;2;175;190;222m▄[38;2;178;193;219m[48;2;175;189;221m▄[38;2;178;192;221m[48;2;173;188;222m▄[38;2;176;190;222m[48;2;171;188;223m▄[48;2;170;187;222m▄[38;2;174;189;223m[48;2;169;187;222m▄[48;2;171;188;225m▄[38;2;172;189;224m▟[38;2;173;189;225m[48;2;174;188;224m▜[38;2;176;192;225m[48;2;172;189;226m▄[48;2;174;188;224m▄[38;2;176;190;226m[48;2;174;188;226m▄[48;2;174;188;227m▄[48;2;174;188;226m▄[38;2;178;190;229m[48;2;174;188;229m▄[48;2;172;189;229m▄[38;2;179;192;230m[48;2;173;190;230m▄[38;2;180;193;231m[48;2;175;188;232m▄▄[38;2;179;192;230m▄[48;2;174;187;231m▄[38;2;178;191;229m▄[38;2;178;190;229m[48;2;172;188;232m▄[38;2;178;191;229m[48;2;174;187;232m▄[38;2;179;192;230m▄[48;2;176;188;233m▄[38;2;180;193;233m[48;2;178;189;234m▄[38;2;182;193;232m[48;2;179;191;235m▄[38;2;186;193;233m[48;2;180;192;236m▄[38;2;187;194;235m[48;2;181;193;237m▄▄[38;2;183;193;234m[48;2;183;193;234m [38;2;186;193;233m[48;2;182;192;237m▄[38;2;187;196;232m[48;2;160;174;205m▙[38;2;151;180;185m[48;2;69;105;97m▖[38;2;168;194;204m[48;2;98;123;133m▐[38;2;187;194;235m[48;2;185;192;232m▘[38;2;185;192;231m[48;2;185;192;231m  [38;2;187;193;231m[48;2;186;192;230m▄[38;2;187;194;230m▄[38;2;187;194;228m▄[38;2;187;193;229m▟[38;2;187;193;228m[48;2;187;193;228m [38;2;187;194;230m[48;2;188;192;228m▘[38;2;190;192;225m[48;2;187;192;229m▄[38;2;190;193;224m[48;2;187;192;226m▄[48;2;188;189;225m▄[48;2;188;189;223m▄[38;2;189;192;223m[48;2;187;188;222m▄▄[38;2;190;193;222m[48;2;188;189;223m▄[48;2;188;190;222m▄[38;2;189;192;223m▄[38;2;190;192;221m[48;2;187;189;221m▄[48;2;188;190;222m▄▄▄[38;2;194;192;219m[48;2;189;192;223m▄[48;2;190;192;223m▄[38;2;192;193;224m[48;2;194;192;219m▀[38;2;194;192;222m[48;2;195;190;219m▀▀[38;2;195;190;219m[48;2;193;190;221m▄▄[0m
[38;2;184;154;136m[48;2;138;108;91m▐[38;2;124;101;86m[48;2;106;88;78m▀[38;2;112;95;84m[48;2;101;88;79m▘[38;2;129;110;103m[48;2;115;98;90m▖[38;2;133;110;99m[48;2;118;95;83m▐[38;2;125;107;100m[48;2;115;97;90m▐[38;2;109;94;89m[48;2;89;74;68m▖[38;2;122;106;98m[48;2;111;95;87m▐[38;2;127;112;104m[48;2;113;98;90m▝[38;2;117;102;92m[48;2;97;82;72m▌[38;2;138;124;110m[48;2;121;108;94m▐[38;2;123;110;100m[48;2;103;91;80m▐[38;2;149;139;129m[48;2;139;130;119m▟[38;2;159;149;139m[48;2;153;144;133m▚[38;2;190;195;209m[48;2;168;173;187m▐[38;2;187;196;217m[48;2;185;194;221m▄[48;2;183;193;219m▄▄[38;2;187;195;219m[48;2;181;194;219m▄[38;2;185;194;218m[48;2;180;193;221m▄[38;2;185;194;221m[48;2;180;192;222m▄▄[38;2;185;194;223m[48;2;179;193;222m▄[38;2;185;194;221m[48;2;180;192;222m▄[38;2;185;194;223m▄[48;2;179;193;224m▄[48;2;179;193;226m▄▄▄[38;2;186;195;224m[48;2;180;194;228m▄[38;2;187;195;226m[48;2;182;194;227m▗[38;2;186;195;227m[48;2;182;194;229m▟[38;2;189;197;226m[48;2;185;193;229m▄▄[38;2;189;195;225m[48;2;186;194;230m▄[48;2;185;193;229m▄▄[38;2;190;196;226m▄[38;2;189;195;225m[48;2;186;194;230m▄[38;2;190;196;226m▄▄[38;2;190;195;228m[48;2;186;193;231m▄[48;2;187;194;232m▄[38;2;189;195;229m[48;2;187;195;231m▟[38;2;189;196;232m[48;2;190;195;228m▀▀▀▀[48;2;189;194;228m▝[38;2;184;194;223m[48;2;137;152;176m▙[38;2;189;195;227m[48;2;182;190;222m▟[38;2;188;194;227m[48;2;188;194;227m  [38;2;193;195;226m▗[38;2;189;194;226m[48;2;189;194;226m [38;2;192;194;225m[48;2;188;193;228m▄[48;2;190;192;225m▄[38;2;193;195;226m[48;2;192;194;225m▄[38;2;193;195;224m▄[38;2;195;196;225m▄[38;2;197;195;223m[48;2;192;194;223m▄[48;2;193;195;224m▄[38;2;196;195;219m[48;2;192;194;223m▄[38;2;197;194;219m[48;2;192;193;220m▄[38;2;196;195;218m[48;2;192;193;219m▄[38;2;197;194;218m▄[48;2;195;193;221m▄▄▄[48;2;195;193;217m▖[38;2;196;193;215m[48;2;194;193;217m▄▄[38;2;197;194;216m[48;2;196;193;218m▄▄[48;2;196;193;217m▄[38;2;198;195;217m▄[38;2;200;195;215m▄[38;2;202;195;215m[48;2;197;194;218m▄[48;2;196;193;217m▄▄[0m
[38;2;157;131;116m[48;2;127;104;96m▜[38;2;114;99;93m[48;2;106;94;88m▀[38;2;127;112;105m[48;2;111;97;89m▌[38;2;142;125;113m[48;2;124;107;95m▌[38;2;129;108;98m[48;2;117;96;87m▗[38;2;121;104;97m[48;2;112;95;87m▞[38;2;111;94;89m[48;2;97;81;75m▌[38;2;115;100;90m[48;2;107;91;81m▐[38;2;124;110;98m[48;2;112;97;85m▌[38;2;127;112;100m[48;2;105;90;78m▌[38;2;134;120;107m[48;2;123;109;97m▐[38;2;133;121;112m[48;2;120;113;105m▄[38;2;150;141;131m[48;2;142;133;122m▌[38;2;169;160;155m[48;2;147;139;134m▐[38;2;195;198;211m[48;2;186;190;204m▟[38;2;194;199;213m[48;2;189;196;215m▄[38;2;194;198;212m[48;2;192;195;215m▄[38;2;194;198;215m[48;2;189;196;215m▄[48;2;190;196;216m▖[38;2;190;197;218m[48;2;191;196;216m▘[38;2;190;197;219m▝[38;2;194;197;217m[48;2;189;196;218m▄[38;2;194;197;219m[48;2;188;197;218m▄[38;2;194;197;221m[48;2;188;196;221m▄[38;2;193;196;219m[48;2;189;195;221m▄[48;2;187;195;219m▄[38;2;192;195;218m[48;2;188;194;219m▄[48;2;188;194;222m▄[38;2;193;196;218m[48;2;189;195;223m▄[38;2;194;197;220m▄[38;2;196;198;221m[48;2;190;196;224m▄[38;2;196;198;222m▄[38;2;195;197;221m[48;2;193;195;224m▄[38;2;198;197;222m▄[38;2;222;211;222m[48;2;200;197;219m▗[38;2;242;217;207m[48;2;203;197;223m▄[38;2;245;216;203m[48;2;212;203;217m▄[38;2;232;210;206m[48;2;204;198;221m▄[38;2;204;201;223m[48;2;197;196;223m▖[38;2;196;199;222m[48;2;194;196;225m▄[38;2;197;200;223m▄▄[48;2;195;197;226m▄[38;2;200;198;223m▄[48;2;194;196;225m▄▄[38;2;198;197;222m▄[38;2;198;196;224m▄[38;2;198;197;222m[48;2;193;195;224m▄[38;2;198;196;224m[48;2;194;196;228m▄[38;2;197;195;223m[48;2;193;195;226m▄[48;2;193;195;224m▄▄[38;2;198;196;224m▄▄[38;2;200;196;222m[48;2;194;196;223m▄[38;2;200;196;221m[48;2;195;196;223m▄▄[38;2;198;196;221m[48;2;198;196;221m [38;2;201;197;219m[48;2;200;196;220m▖[38;2;200;197;216m[48;2;200;196;221m▄[48;2;198;195;219m▄[38;2;201;196;216m[48;2;198;195;217m▄[38;2;201;196;214m▄[38;2;203;196;212m[48;2;198;196;215m▄[38;2;203;196;214m[48;2;197;195;214m▄[48;2;198;193;216m▄[38;2;203;196;212m[48;2;199;194;214m▄[38;2;204;197;214m[48;2;200;195;215m▄▄▄[38;2;204;198;211m▄[48;2;203;196;214m▄▄[48;2;203;196;216m▄[38;2;205;200;212m[48;2;203;196;214m▄[38;2;204;198;211m▄[38;2;205;200;212m▄[48;2;203;196;212m▄[38;2;207;198;210m▄[0m
[38;2;139;118;105m[48;2;109;92;85m▖[38;2;106;91;86m[48;2;99;84;80m▐[38;2;138;115;104m[48;2;120;96;86m▌[38;2;150;127;115m[48;2;134;111;99m▌[38;2;141;117;107m[48;2;125;102;92m▐[38;2;121;103;92m[48;2;110;92;80m▌[38;2;103;91;85m[48;2;93;81;75m▙[38;2;122;106;100m[48;2;111;94;89m▌[38;2;116;101;89m[48;2;112;97;86m▀[38;2;123;107;96m[48;2;113;97;87m▐[38;2;129;115;104m[48;2;114;101;89m▌[38;2;146;132;120m[48;2;142;127;116m▐[38;2;156;146;138m[48;2;143;133;125m▌[38;2;183;175;174m[48;2;139;131;130m▐[38;2;202;202;213m[48;2;201;200;212m▌[38;2;200;201;211m[48;2;201;200;209m▀[38;2;200;200;214m▀[38;2;202;201;210m[48;2;196;200;212m▄[38;2;202;201;212m[48;2;196;200;214m▄▄▄[48;2;197;201;217m▄[38;2;201;201;215m▄[38;2;200;200;214m[48;2;195;200;216m▄[48;2;194;197;217m▄[48;2;195;197;217m▄▄[48;2;194;197;214m▄[38;2;201;200;215m[48;2;198;198;214m▟[38;2;214;205;217m[48;2;202;200;213m▗[38;2;230;211;207m[48;2;203;199;216m▄[38;2;238;214;202m[48;2;208;201;217m▄[38;2;233;208;203m[48;2;203;199;216m▄[38;2;229;206;209m[48;2;209;200;218m▄[38;2;247;220;206m[48;2;243;217;202m▐[38;2;249;221;201m[48;2;245;217;197m▘[38;2;243;214;201m[48;2;240;211;198m▌[38;2;236;211;201m[48;2;234;209;201m▖[38;2;231;209;206m[48;2;219;202;208m▙[38;2;225;208;206m[48;2;202;199;221m▄[38;2;213;202;213m[48;2;202;198;223m▄[38;2;205;201;218m▄[38;2;204;200;217m[48;2;201;200;223m▄[38;2;203;201;217m[48;2;202;198;223m▄[48;2;202;198;221m▄[38;2;202;200;216m▄[48;2;201;197;220m▄[48;2;201;197;222m▄[38;2;202;200;218m▄[38;2;202;200;216m▄▄▄[48;2;202;198;221m▄▄[38;2;203;198;216m[48;2;201;197;219m▄[38;2;203;198;215m▄[38;2;204;200;216m[48;2;202;199;217m▗[38;2;207;201;214m[48;2;201;199;217m▄[48;2;202;197;215m▄[48;2;205;198;215m▄[48;2;205;200;212m▄[38;2;208;202;212m▄[38;2;207;201;211m▄[38;2;208;200;211m▄[48;2;204;198;211m▄[38;2;208;200;209m▄[38;2;207;199;210m[48;2;207;199;210m [38;2;209;198;209m[48;2;207;198;212m▄[38;2;209;200;208m[48;2;207;198;210m▄[38;2;209;198;209m▄▄[38;2;209;200;208m▄▄▄[48;2;208;197;210m▄▄[48;2;208;197;208m▄▄[38;2;212;201;207m▄▄[0m
[38;2;172;147;129m[48;2;143;117;99m▌[38;2;113;97;88m[48;2;102;87;81m▄[38;2;114;98;92m[48;2;105;87;80m▟[38;2;135;114;102m[48;2;113;98;92m▀[38;2;123;104;96m[48;2;117;98;89m▐[38;2;125;102;91m[48;2;113;93;83m▛[38;2;124;104;94m[48;2;114;95;88m▄[38;2;110;95;90m[48;2;91;75;71m▌[38;2;111;93;86m[48;2;108;89;82m▀[38;2;115;101;89m[48;2;98;84;73m▛[38;2;129;114;103m[48;2;122;107;95m▜[38;2;150;135;124m[48;2;139;124;112m▐[38;2;150;138;131m[48;2;139;129;121m▀[38;2;201;192;189m[48;2;155;145;142m▐[38;2;209;204;210m[48;2;209;202;208m▘[38;2;208;203;209m[48;2;204;201;209m▄[48;2;203;200;208m▄▄[48;2;202;201;210m▄▄[48;2;203;202;211m▄▄[38;2;205;203;209m▄[38;2;207;203;211m▄[38;2;208;202;210m[48;2;202;201;212m▄[38;2;209;203;211m[48;2;202;201;213m▄[38;2;210;202;211m[48;2;203;202;214m▄[38;2;212;202;212m[48;2;204;201;214m▄[38;2;213;203;211m[48;2;207;201;211m▄[38;2;237;216;208m[48;2;229;208;201m▐[38;2;246;218;198m[48;2;246;216;192m▀[38;2;245;215;193m[48;2;244;209;189m▀[38;2;246;209;192m[48;2;243;208;188m▀[38;2;250;217;196m[48;2;245;215;194m▗[38;2;249;221;201m[48;2;246;218;197m▝[38;2;247;219;198m[48;2;245;217;196m▌[38;2;246;216;196m[48;2;243;214;196m▄[38;2;246;216;194m[48;2;242;212;197m▄[38;2;243;212;194m[48;2;243;210;192m▛[38;2;238;209;194m[48;2;238;204;190m▀[38;2;231;207;196m[48;2;234;204;192m▀[38;2;230;207;198m[48;2;216;204;210m▄[38;2;218;204;211m[48;2;211;202;213m▖[38;2;209;202;214m[48;2;209;202;214m [38;2;208;202;213m[48;2;207;201;214m▙[38;2;208;202;212m▄[38;2;208;202;213m▄[38;2;209;203;214m▄[48;2;208;202;215m▄[38;2;208;202;215m[48;2;209;201;212m▀[38;2;208;202;214m▛[38;2;209;202;213m[48;2;209;202;213m    [38;2;208;202;213m[48;2;209;201;210m▛▜[38;2;209;202;211m[48;2;209;202;211m [38;2;212;203;211m[48;2;208;202;212m▄▄[38;2;215;203;211m[48;2;209;201;212m▄[38;2;215;203;209m[48;2;209;201;210m▄[38;2;215;203;207m[48;2;210;200;210m▄[38;2;214;202;206m[48;2;210;201;209m▄[38;2;214;202;205m▄[38;2;213;201;206m▟[38;2;214;201;206m[48;2;214;201;206m [38;2;216;202;207m[48;2;214;201;207m▖▗[48;2;212;201;207m▄▄[38;2;216;203;205m▄[38;2;217;201;204m▄[38;2;215;201;206m[48;2;215;201;206m [38;2;214;202;205m[48;2;212;201;207m▙[38;2;217;201;204m[48;2;214;200;204m▄[38;2;216;201;204m[48;2;216;201;204m [38;2;218;202;205m[48;2;215;200;204m▗[38;2;219;202;205m[48;2;215;201;205m▄▄[0m
[38;2;167;143;126m[48;2;131;108;90m▌[38;2;103;87;82m[48;2;91;79;76m▛[38;2;129;116;109m[48;2;112;99;92m▚[38;2;129;113;108m[48;2;105;91;88m▖[38;2;116;96;91m[48;2;95;79;74m▛[38;2;116;100;90m[48;2;111;95;85m▚[38;2;131;115;103m[48;2;127;110;98m▞[38;2;111;96;90m[48;2;98;83;77m▌[38;2;124;104;94m[48;2;104;86;76m▄[38;2;120;105;94m[48;2;105;90;79m▙[38;2;122;105;91m[48;2;104;86;73m▐[38;2;144;129;115m[48;2;141;126;115m▀[38;2;141;130;124m[48;2;131;120;114m▐[38;2;200;191;190m[48;2;141;132;131m▐[38;2;215;207;208m[48;2;211;203;205m▖[38;2;212;203;207m[48;2;210;201;204m▄▄[48;2;210;201;207m▄[48;2;210;203;208m▄▄▄▄[38;2;214;204;208m[48;2;211;203;208m▗[38;2;217;205;209m[48;2;211;204;209m▄[38;2;233;210;201m[48;2;213;204;210m▄[38;2;246;216;194m[48;2;225;208;206m▄[38;2;246;214;193m[48;2;235;210;199m▄[38;2;246;214;191m[48;2;239;211;201m▄[38;2;247;215;192m[48;2;236;211;200m▄[38;2;244;215;197m[48;2;244;211;190m▀[38;2;245;215;193m[48;2;243;208;188m▀[38;2;245;208;188m[48;2;243;203;185m▘[38;2;243;206;186m[48;2;242;202;184m▀[38;2;247;211;190m[48;2;244;208;187m▐[38;2;247;215;194m[48;2;246;211;189m▀[48;2;245;210;188m▀[38;2;246;214;190m[48;2;247;210;190m▀[38;2;246;214;193m[48;2;246;209;189m▀[38;2;244;209;192m[48;2;243;207;189m▘[38;2;241;203;186m[48;2;237;201;186m▄[38;2;240;204;188m[48;2;237;203;189m▟[38;2;240;205;188m[48;2;237;205;190m▄[38;2;237;205;191m[48;2;230;205;197m▙[38;2;237;206;191m[48;2;220;203;207m▄[38;2;235;204;195m[48;2;215;203;209m▄[38;2;230;205;197m[48;2;212;203;211m▄[38;2;228;205;203m[48;2;212;202;212m▄[38;2;225;205;205m[48;2;212;203;211m▄[38;2;236;212;201m[48;2;216;204;210m▄[38;2;244;214;194m[48;2;222;205;209m▄[38;2;235;207;197m[48;2;216;204;210m▄[38;2;222;205;209m▄[38;2;218;204;209m▄[38;2;217;203;208m[48;2;215;203;209m▄▄[38;2;218;205;208m▄[38;2;218;204;209m▄[38;2;221;203;209m▄[38;2;221;204;208m[48;2;217;203;208m▄▄[38;2;222;204;205m▄[48;2;217;204;207m▄[38;2;220;203;205m[48;2;220;203;205m [38;2;220;203;203m[48;2;218;202;205m▙▟[48;2;220;203;203m [38;2;221;203;202m[48;2;221;203;202m [38;2;223;204;201m▗[48;2;220;202;203m▄[38;2;222;203;200m[48;2;219;202;203m▄▄[38;2;223;203;203m[48;2;220;202;203m▄[38;2;225;203;201m[48;2;219;202;203m▄[48;2;221;201;203m▄[48;2;219;202;203m▄[48;2;219;202;201m▄[48;2;222;202;202m▄▄▄[38;2;224;202;201m[48;2;224;202;201m [0m
[38;2;146;125;113m[48;2;124;105;98m▘[38;2;103;89;86m[48;2;94;81;77m▌[38;2;140;117;109m[48;2;119;103;97m▄[38;2;117;102;96m[48;2;109;94;89m▀[38;2;116;100;95m[48;2;86;70;66m▙[38;2;109;94;88m[48;2;100;85;79m▝[38;2;123;107;99m[48;2;102;87;81m▀[38;2;116;100;92m[48;2;105;89;81m▌[38;2;137;116;103m[48;2;127;107;95m▛[38;2;126;111;101m[48;2;108;93;84m▌[38;2;123;106;94m[48;2;111;95;83m▐[38;2;135;120;112m[48;2;128;113;105m▀[38;2;141;133;126m[48;2;134;126;119m▞[38;2;198;187;184m[48;2;145;133;130m▐[38;2;223;207;205m[48;2;218;204;203m▖[38;2;222;204;203m[48;2;217;204;207m▄[38;2;218;204;205m[48;2;218;204;205m [38;2;222;205;204m[48;2;216;205;204m▄[38;2;217;205;205m[48;2;217;205;205m [38;2;219;206;206m[48;2;218;204;205m▐[38;2;215;207;208m[48;2;221;204;203m▀[38;2;219;207;204m[48;2;215;207;208m▄[38;2;217;207;208m[48;2;222;205;204m▀[38;2;232;211;204m[48;2;227;206;199m▐[38;2;244;216;196m[48;2;244;213;191m▝[38;2;245;212;189m[48;2;245;208;186m▀[38;2;244;209;189m[48;2;244;204;184m▀[38;2;244;209;187m[48;2;243;203;182m▀[38;2;246;209;187m▀[38;2;244;206;187m[48;2;242;202;181m▀[38;2;242;202;183m▀[38;2;242;202;184m▀[38;2;243;203;185m▀[38;2;245;208;186m[48;2;244;204;184m▀[38;2;247;210;188m[48;2;245;208;186m▘[38;2;246;209;187m[48;2;246;209;187m [38;2;246;209;189m[48;2;243;208;186m▀[38;2;245;208;188m▀[38;2;244;207;187m[48;2;243;205;186m▌[38;2;242;203;186m[48;2;240;203;183m▛[38;2;242;204;187m▀▀[38;2;243;205;188m[48;2;242;204;185m▝[38;2;242;204;185m[48;2;240;203;183m▀[38;2;243;205;186m▀[38;2;244;207;187m[48;2;242;204;185m▀▀[38;2;243;210;189m[48;2;244;207;185m▀[38;2;244;211;188m[48;2;243;206;184m▀[38;2;244;209;187m[48;2;242;204;182m▀[38;2;244;207;187m[48;2;241;203;184m▀[38;2;234;207;193m[48;2;233;205;192m▚[38;2;231;207;198m[48;2;224;207;210m▄[38;2;229;207;204m[48;2;223;207;210m▄[48;2;224;207;208m▄[48;2;222;206;204m▄[38;2;228;205;204m[48;2;223;205;204m▙[38;2;229;204;203m[48;2;224;204;207m▄[38;2;234;206;196m[48;2;224;204;204m▄[38;2;238;207;189m▄[38;2;238;204;188m[48;2;228;203;202m▄[38;2;234;204;192m[48;2;225;203;201m▄[38;2;226;203;199m[48;2;226;203;199m  [38;2;226;204;202m[48;2;227;203;199m▘[38;2;228;203;198m[48;2;226;202;201m▄[38;2;226;203;199m[48;2;226;203;199m [38;2;228;203;198m[48;2;226;202;200m▄[38;2;228;204;196m▄▄[38;2;229;205;197m▄[48;2;228;203;201m▄[38;2;228;204;196m[48;2;226;202;200m▄[38;2;229;205;195m▄[38;2;228;204;194m▄[38;2;230;205;195m[48;2;228;203;201m▄[38;2;228;203;197m[48;2;228;203;197m [38;2;231;203;194m[48;2;228;203;198m▄[38;2;229;204;194m▄[38;2;230;203;196m[48;2;230;203;196m [0m
[38;2;125;107;100m[48;2;114;95;90m▖[38;2;105;89;84m[48;2;99;84;78m▐[38;2;170;141;124m[48;2;142;119;104m▀[38;2;129;114;108m[48;2;111;94;89m▌[38;2;128;111;103m[48;2;109;94;86m▀[38;2;114;98;92m[48;2;106;90;84m▌[38;2;104;89;81m[48;2;75;63;56m▟[38;2;119;105;93m[48;2;106;91;85m▀[38;2;132;114;105m[48;2;122;104;94m▚[38;2;129;112;102m[48;2;109;93;84m▙[38;2;136;118;106m[48;2;120;103;93m▟[38;2;120;105;95m[48;2;111;96;86m▌[38;2;136;121;114m[48;2;124;108;100m▛[38;2;198;182;177m[48;2;129;114;109m▐[38;2;227;209;201m[48;2;224;206;198m▌[38;2;225;207;202m[48;2;227;205;198m▝[38;2;231;209;203m[48;2;225;205;200m▗[38;2;230;209;199m[48;2;224;206;201m▄[38;2;229;208;198m[48;2;226;207;200m▖[38;2;230;207;199m[48;2;224;208;202m▄[38;2;232;208;196m[48;2;223;207;202m▄[38;2;231;207;199m[48;2;224;208;202m▄[38;2;225;207;202m[48;2;230;205;201m▀[38;2;238;210;199m[48;2;234;206;195m▐[38;2;244;209;187m[48;2;242;207;185m▌[38;2;245;205;185m[48;2;243;203;182m▌[38;2;243;203;182m[48;2;242;202;181m▄▄[38;2;243;205;183m▄[38;2;243;203;182m▄▖▄[38;2;244;204;183m▗[38;2;244;208;184m[48;2;244;204;184m▄[38;2;246;210;186m[48;2;245;209;185m▝[38;2;246;209;187m[48;2;245;208;186m▀[38;2;245;208;186m[48;2;243;207;185m▖[38;2;244;207;185m[48;2;243;205;183m▀[38;2;242;204;182m[48;2;243;203;182m▄[38;2;242;204;185m[48;2;240;203;183m▄▝[38;2;240;203;183m[48;2;237;202;182m▀[38;2;241;203;184m▀[38;2;240;203;183m[48;2;238;201;181m▘[38;2;240;202;182m[48;2;239;201;181m▐[38;2;240;203;183m[48;2;239;202;182m▜[38;2;242;204;185m[48;2;238;203;183m▀[38;2;243;204;182m[48;2;240;203;181m▜[38;2;242;204;182m[48;2;242;202;181m▄▄[38;2;242;204;185m[48;2;238;203;184m▀[38;2;237;207;187m[48;2;237;204;186m▀[38;2;235;207;187m[48;2;234;205;187m▗[38;2;235;208;192m[48;2;234;207;191m▐[38;2;237;208;193m[48;2;242;207;185m▀[38;2;240;209;192m[48;2;242;208;185m▘[38;2;245;209;185m[48;2;239;208;193m▄[38;2;242;209;188m[48;2;242;209;188m [38;2;244;209;186m[48;2;243;208;184m▞[38;2;245;208;184m[48;2;243;206;182m▌[38;2;243;204;181m[48;2;242;203;180m▌[38;2;238;202;181m[48;2;238;202;181m [38;2;235;204;186m[48;2;235;204;186m [38;2;237;205;190m[48;2;232;204;195m▄[38;2;238;205;187m[48;2;232;204;194m▄[38;2;235;204;187m[48;2;235;204;187m [38;2;239;204;182m[48;2;233;203;194m▄[38;2;240;205;183m[48;2;232;205;192m▄[38;2;235;204;188m[48;2;238;203;181m▛[38;2;235;203;188m[48;2;235;203;188m [38;2;236;204;189m[48;2;232;202;193m▄[38;2;235;205;190m▄[38;2;235;205;193m▄[48;2;233;203;194m▄[48;2;232;202;193m▄▄▄[48;2;233;203;194m▄▄▄[0m
[38;2;152;131;122m[48;2;106;85;76m▌[38;2;105;89;85m[48;2;93;80;78m▄[38;2;106;91;85m[48;2;95;80;74m▐[38;2;110;96;92m[48;2;95;82;80m▜[38;2;122;103;93m[48;2;111;92;82m▌[38;2;132;117;103m[48;2;110;94;83m▖[38;2;116;99;88m[48;2;101;85;80m▀[38;2;125;106;99m[48;2;101;86;80m▄[38;2;116;106;99m[48;2;100;88;82m▟[38;2;140;119;108m[48;2;114;97;88m▝[38;2;150;127;112m[48;2;135;114;100m▘[38;2;113;97;89m[48;2;104;87;79m▌[38;2;134;118;111m[48;2;120;104;97m▌[38;2;183;167;157m[48;2;141;125;115m▐[38;2;231;209;197m[48;2;228;206;194m▌[38;2;235;207;196m[48;2;231;202;191m▞[38;2;228;185;177m[48;2;187;109;104m▀[38;2;187;121;118m[48;2;168;102;99m▚[38;2;243;208;193m[48;2;214;178;163m▐[38;2;243;209;186m[48;2;242;208;185m▞[38;2;244;207;185m[48;2;242;203;180m▀[38;2;242;204;185m[48;2;242;202;181m▀[38;2;237;204;187m[48;2;240;203;181m▜[38;2;239;205;191m[48;2;212;172;160m▛[38;2;241;204;184m[48;2;177;119;141m▀[38;2;244;208;183m[48;2;231;190;181m▀[38;2;245;209;182m[48;2;244;204;183m▄[38;2;246;210;184m[48;2;245;209;185m▄[38;2;245;209;185m [48;2;244;208;183m▘[38;2;244;208;183m[48;2;243;207;182m▙[38;2;242;207;183m[48;2;240;205;183m▛[38;2;242;207;185m[48;2;242;205;183m▖[38;2;244;207;185m[48;2;243;205;183m▗[38;2;244;207;184m[48;2;244;207;184m [38;2;244;207;185m[48;2;244;207;185m [38;2;243;206;184m[48;2;239;204;185m▀[38;2;243;205;183m[48;2;236;202;188m▀[38;2;244;204;186m[48;2;226;201;193m▀[38;2;242;204;182m[48;2;211;198;198m▀[38;2;240;203;181m[48;2;215;200;195m▀[38;2;238;203;183m[48;2;205;198;203m▀[38;2;237;202;185m[48;2;191;196;210m▀[38;2;236;201;181m[48;2;196;197;208m▀[38;2;238;201;181m[48;2;204;200;203m▀[38;2;237;202;185m[48;2;206;202;208m▀[38;2;236;201;183m[48;2;195;200;214m▀[38;2;239;202;182m[48;2;204;200;205m▀[38;2;241;203;184m[48;2;214;197;196m▀[38;2;242;204;182m[48;2;219;201;194m▀[38;2;238;203;181m[48;2;220;201;194m▀[38;2;237;204;184m[48;2;224;201;191m▀[38;2;237;204;185m[48;2;233;202;185m▜[38;2;240;205;183m[48;2;238;203;181m▗[38;2;244;208;181m[48;2;243;207;182m▟[38;2;244;208;182m[48;2;244;208;182m [38;2;244;208;184m[48;2;243;204;179m▀[38;2;243;207;182m[48;2;241;202;177m▀[38;2;242;205;181m[48;2;239;203;179m▀[38;2;240;204;180m[48;2;240;202;179m▀[38;2;242;203;180m[48;2;239;203;179m▀[38;2;240;204;180m▜[38;2;243;207;182m[48;2;238;204;180m▗[38;2;243;207;180m[48;2;240;204;181m▖[38;2;243;207;179m[48;2;243;207;179m [38;2;243;207;180m[48;2;244;205;178m▀[48;2;243;204;177m▀[38;2;242;205;179m[48;2;242;203;175m▀[38;2;241;203;178m[48;2;241;203;178m [38;2;240;204;180m[48;2;239;203;177m▘[38;2;236;203;185m[48;2;237;202;180m▀[38;2;237;205;188m[48;2;236;204;187m▐[38;2;237;205;189m[48;2;237;205;189m  [38;2;237;207;187m[48;2;238;204;190m▄▄▄[48;2;238;204;188m▄▄[38;2;237;207;185m▄[0m
[38;2;154;129;115m[48;2;112;87;73m▌[38;2;235;208;176m[48;2;166;139;119m▗[38;2;168;146;131m[48;2;122;100;89m▖[38;2;102;89;87m[48;2;96;83;81m▞[38;2;107;89;79m[48;2;96;80;73m▝[38;2;127;109;97m[48;2;104;88;80m▀[38;2;120;105;94m[48;2;108;93;85m▗[38;2;115;96;85m[48;2;97;82;70m▟[38;2;122;110;103m[48;2;114;99;93m▀[38;2;112;102;95m[48;2;90;80;73m▌[38;2;119;104;98m[48;2;95;80;72m▐[38;2;115;98;90m[48;2;96;80;71m▌[38;2;127;111;105m[48;2;115;99;93m▌[38;2;166;149;140m[48;2;140;123;114m▐[38;2;234;203;185m[48;2;225;180;161m▛[38;2;240;175;161m[48;2;162;78;65m▘[38;2;235;181;167m[48;2;175;121;108m▐[38;2;243;209;188m[48;2;232;200;181m▟[38;2;245;208;185m[48;2;244;207;185m▙[38;2;244;205;182m[48;2;242;203;180m▌[38;2;242;202;180m[48;2;242;202;180m [38;2;243;204;181m[48;2;242;203;180m▗▄[38;2;242;206;181m[48;2;238;200;176m▙[38;2;243;188;188m[48;2;211;143;177m▄[38;2;215;143;206m[48;2;214;110;191m▀[38;2;206;158;179m[48;2;187;96;177m▀[38;2;234;195;180m[48;2;212;146;192m▀[38;2;244;206;187m[48;2;230;188;183m▜[38;2;244;208;184m[48;2;243;205;183m▛[38;2;244;208;183m[48;2;244;208;183m [38;2;242;207;183m[48;2;238;205;185m▛[38;2;244;208;183m[48;2;217;200;195m▀[38;2;235;204;187m[48;2;174;190;209m▀[38;2;218;202;197m[48;2;160;188;217m▀[38;2;199;195;206m[48;2;152;186;220m▀[38;2;187;194;212m[48;2;153;187;221m▀[38;2;175;192;218m[48;2;145;181;218m▀[38;2;165;191;221m[48;2;145;183;220m▀[38;2;158;188;221m[48;2;143;182;221m▀[38;2;160;190;223m[48;2;145;185;221m▀[38;2;161;193;223m[48;2;152;189;222m▀[38;2;160;194;223m[48;2;147;184;220m▀[38;2;162;196;227m[48;2;153;190;223m▀[48;2;158;195;223m▜[38;2;164;197;226m[48;2;164;196;225m▖[38;2;166;197;228m[48;2;161;195;224m▀[38;2;164;195;225m[48;2;160;194;223m▀[38;2;163;195;223m[48;2;158;193;219m▀[38;2;160;192;220m[48;2;152;189;217m▀[38;2;159;191;218m[48;2;150;187;215m▀[38;2;162;188;214m[48;2;147;186;213m▀[38;2;169;189;210m[48;2;147;186;214m▀[38;2;181;191;205m[48;2;146;184;211m▀[38;2;192;193;199m[48;2;146;183;211m▀[38;2;207;194;192m[48;2;147;181;210m▀[38;2;218;195;185m[48;2;152;183;209m▀[38;2;225;196;181m[48;2;157;182;208m▀[38;2;234;199;177m[48;2;169;186;203m▀[38;2;238;202;178m[48;2;175;186;197m▀[38;2;241;202;177m[48;2;186;187;193m▀[38;2;242;203;178m[48;2;205;194;191m▀[38;2;242;205;179m[48;2;214;196;184m▀[38;2;243;207;178m[48;2;224;201;181m▀[48;2;234;203;177m▀[38;2;242;205;176m[48;2;239;203;174m▀[38;2;242;203;175m[48;2;239;201;173m▘[38;2;242;202;172m[48;2;239;201;172m▗[48;2;240;202;174m▄[38;2;242;203;175m▗[48;2;239;202;175m▖[38;2;238;203;178m[48;2;237;202;177m▞[38;2;238;205;185m[48;2;237;203;179m▀[48;2;237;202;180m▀▀[38;2;237;204;184m▀[38;2;237;204;183m▀[38;2;238;203;183m▀▀▀[0m
[38;2;165;138;121m[48;2;115;88;70m▌[38;2;172;148;129m[48;2;134;110;96m▝[38;2;155;133;116m[48;2;118;102;94m▀[38;2;117;102;94m[48;2;109;93;87m▗[38;2;115;102;95m[48;2;87;73;66m▌[38;2;101;87;83m[48;2;81;67;63m▐[38;2;121;100;89m[48;2;106;88;78m▀[38;2;159;134;113m[48;2;150;127;110m▀[38;2;113;102;95m[48;2;114;100;93m▖[38;2;107;92;86m[48;2;94;79;73m▌[38;2;127;111;106m[48;2;95;79;74m▐[38;2;94;78;70m[48;2;84;72;65m▀[38;2;119;104;98m[48;2;103;88;82m▙[38;2;145;123;115m[48;2;133;112;104m▐[38;2;238;206;185m[48;2;211;179;157m▐[38;2;239;205;180m[48;2;219;156;136m▄[38;2;167;100;92m[48;2;149;83;74m▞[38;2;211;158;144m[48;2;162;113;106m▝[38;2;227;193;173m[48;2;182;146;145m▀[38;2;238;200;178m[48;2;183;145;142m▀[38;2;245;207;183m[48;2;199;165;156m▀[38;2;246;208;182m[48;2;212;182;173m▀[38;2;244;206;180m[48;2;219;197;182m▀[38;2;244;205;180m[48;2;222;200;185m▀[38;2;245;207;181m[48;2;227;201;180m▀[38;2;231;191;188m[48;2;221;144;188m▄[38;2;224;149;206m[48;2;215;124;195m▄[38;2;247;163;231m[48;2;225;141;209m▐[38;2;255;188;255m[48;2;247;174;240m▖[38;2;252;203;239m[48;2;237;181;224m▐[38;2;248;218;249m[48;2;229;196;197m▄[38;2;198;188;216m[48;2;193;155;207m▛[38;2;161;187;213m[48;2;160;159;200m▀[38;2;153;188;215m[48;2;148;173;205m▀[38;2;144;181;212m[48;2;136;173;209m▀[38;2;139;176;212m[48;2;137;174;212m▗[38;2;138;175;215m[48;2;136;173;210m▀[38;2;137;174;214m[48;2;129;172;209m▀[38;2;126;172;213m[48;2;111;162;203m▛[38;2;118;172;212m[48;2;101;160;204m▀[38;2;123;172;213m[48;2;100;159;203m▀[38;2;134;178;215m[48;2;107;161;204m▀[38;2;132;174;215m▀[38;2;137;176;215m[48;2;109;163;203m▀[38;2;144;181;217m[48;2;116;165;205m▀[38;2;145;183;219m[48;2;118;167;208m▀[38;2;146;185;217m[48;2;119;166;206m▀[38;2;138;178;214m▀[38;2;137;177;213m[48;2;118;165;204m▀[38;2;139;178;210m[48;2;117;164;203m▀[38;2;141;180;210m[48;2;115;161;201m▀[38;2;142;181;209m[48;2;121;164;202m▀[38;2;141;181;207m[48;2;123;166;199m▀[38;2;145;185;208m[48;2;137;176;204m▀[38;2;144;183;206m[48;2;143;181;202m▜[38;2;148;185;202m[48;2;143;182;206m▄[48;2;142;181;207m▄[38;2;146;182;200m[48;2;143;181;204m▄[38;2;144;182;205m[48;2;145;181;201m▀[38;2;149;185;202m[48;2;147;182;204m▄[38;2;149;185;204m▄[38;2;151;183;207m[48;2;146;182;203m▝[38;2;151;185;201m[48;2;149;180;203m▄[38;2;151;186;198m[48;2;151;181;198m▖[38;2;164;181;196m[48;2;143;179;194m▀[38;2;169;181;192m[48;2;141;178;193m▀[38;2;171;182;189m[48;2;138;174;189m▀[38;2;192;186;184m[48;2;139;173;189m▀[38;2;208;193;181m[48;2;139;173;186m▀[38;2;215;195;179m[48;2;140;171;185m▀[38;2;223;198;177m[48;2;146;172;184m▀[38;2;231;201;176m[48;2;157;175;184m▀[38;2;234;201;178m[48;2;164;177;181m▀[38;2;237;203;179m[48;2;171;178;181m▀[38;2;240;204;180m[48;2;182;184;181m▀[48;2;197;190;182m▀[38;2;240;204;178m[48;2;203;193;180m▀[38;2;240;204;180m[48;2;217;197;179m▀[48;2;222;200;178m▀[48;2;231;201;177m▀[0m
[38;2;135;107;94m[48;2;103;76;63m▐[38;2;217;186;159m[48;2;173;141;114m▌[38;2;109;92;83m[48;2;105;88;79m▐[38;2;109;94;86m[48;2;99;83;78m▀[38;2;120;101;90m[48;2;110;91;79m▚[38;2;118;102;95m[48;2;108;91;84m▌[38;2;91;78;72m[48;2;87;74;67m▌[38;2;119;104;92m[48;2;105;93;86m▀[38;2;110;99;92m[48;2;108;96;89m▀[38;2;116;101;94m[48;2;104;89;82m▌[38;2;118;107;100m[48;2;105;93;86m▞[38;2;96;84;77m[48;2;84;72;65m▗[38;2;118;104;98m[48;2;108;96;89m▛[38;2;139;121;112m[48;2;111;94;85m▐[38;2;183;187;181m[48;2;146;159;163m▝[38;2;176;176;178m[48;2;142;138;149m▀[38;2;173;135;134m[48;2;159;121;120m▐[38;2;202;154;143m[48;2;186;145;138m▖[38;2;169;134;130m[48;2;141;93;90m▀[38;2;153;117;118m[48;2;120;72;69m▀[38;2;142;107;112m[48;2;117;66;63m▀[38;2;144;118;125m[48;2;119;71;68m▀[38;2;149;146;159m[48;2;132;99;100m▀[38;2;168;187;198m[48;2;146;157;169m▀[38;2;171;190;199m[48;2;141;174;199m▀[38;2;172;190;199m[48;2;139;171;203m▀[38;2;180;124;145m[48;2;125;70;73m▛[38;2;185;143;177m[48;2;153;110;144m▐[38;2;242;189;244m[48;2;146;155;201m▀[38;2;244;186;244m[48;2;153;158;204m▀[38;2;239;203;245m[48;2;143;161;203m▀[38;2;202;179;225m[48;2;130;164;197m▀[38;2;126;167;198m[48;2;155;145;194m▄[38;2;123;168;198m[48;2;132;139;182m▄[38;2;130;169;205m[48;2;118;164;197m▝[38;2;125;170;204m[48;2;111;163;195m▀[38;2;121;169;205m[48;2;106;160;194m▀[38;2;114;165;202m[48;2;105;162;195m▀[38;2;107;164;199m[48;2;104;161;197m▚[38;2;107;164;196m[48;2;100;162;200m▄[38;2;104;164;195m[48;2;101;161;199m▄[38;2;103;161;196m[48;2;97;157;198m▄[38;2;101;159;194m[48;2;94;156;196m▄[38;2;102;160;195m[48;2;94;153;195m▄[38;2;103;159;195m[48;2;100;157;195m▖[38;2;101;159;196m[48;2;97;156;191m▀[38;2;97;156;194m[48;2;91;152;189m▀[48;2;93;151;188m▀[38;2;100;158;196m[48;2;96;154;189m▀[38;2;100;155;195m[48;2;95;153;189m▘[38;2;100;155;194m[48;2;97;154;190m▝[38;2;105;159;194m[48;2;102;157;191m▐[38;2;113;161;195m[48;2;104;159;191m▀[38;2;117;161;196m[48;2;107;159;191m▀[38;2;122;167;197m[48;2;113;163;194m▀[38;2;130;172;196m[48;2;112;165;195m▀[38;2;134;174;197m[48;2;116;166;197m▀[38;2;132;171;198m[48;2;120;166;194m▘[38;2;123;168;198m[48;2;123;166;196m▗[38;2;124;168;198m[48;2;111;163;195m▀[38;2;116;164;197m[48;2;110;163;181m▀[38;2;119;167;203m[48;2;117;160;165m▝[38;2;138;177;200m[48;2;131;163;148m▀[38;2;143;179;196m[48;2;130;165;168m▀[38;2;139;179;195m[48;2;128;167;193m▀[38;2;137;177;191m[48;2;125;164;192m▀[38;2;139;177;188m[48;2;123;165;189m▀[38;2;138;175;187m▀[38;2;136;173;185m[48;2;121;162;189m▀[38;2;135;172;182m[48;2;115;159;185m▀[48;2;116;157;183m▀[38;2;136;173;184m[48;2;116;158;182m▀[38;2;137;174;182m[48;2;117;159;183m▀[38;2;138;173;185m▀[38;2;137;172;181m[48;2;118;160;185m▀[38;2;138;173;185m[48;2;119;159;185m▀[38;2;143;173;184m[48;2;122;161;187m▀[38;2;148;177;186m[48;2;123;163;188m▀[38;2;156;181;187m[48;2;122;161;187m▀[38;2;164;182;185m[48;2;120;159;182m▀[0m
[38;2;182;154;134m[48;2;99;71;50m▐[38;2;200;168;138m[48;2;170;138;107m▌[38;2;96;78;68m[48;2;88;69;62m▀[38;2;110;93;85m[48;2;95;80;72m▄[38;2;98;84;78m[48;2;84;73;67m▛[38;2;105;91;84m[48;2;97;83;75m▚[38;2;110;94;82m[48;2;95;78;67m▐[38;2;123;108;99m[48;2;109;93;85m▌[38;2;97;86;80m[48;2;89;77;72m▛[38;2;117;102;94m[48;2;102;87;81m▘[38;2;118;107;100m[48;2;99;87;80m▌[38;2;103;89;82m[48;2;94;82;75m▟[38;2;114;103;96m[48;2;97;86;79m▙[38;2;144;130;117m[48;2;129;115;102m▐[38;2;153;169;173m[48;2;125;141;145m▐[38;2;172;152;153m[48;2;124;104;106m▌[38;2;151;104;97m[48;2;133;61;47m▀[38;2;156;89;76m[48;2;132;56;41m▀[38;2;126;62;49m[48;2;105;44;30m▘[38;2;99;47;35m[48;2;95;42;31m▄[38;2;104;46;33m[48;2;101;44;31m▟[38;2;116;53;38m[48;2;109;46;31m▐[38;2;130;64;53m[48;2;117;51;40m▞[38;2;151;127;127m[48;2;119;94;94m▐[38;2;136;169;192m[48;2;130;162;185m▐[38;2;141;167;189m[48;2;122;145;161m▛[38;2;139;117;120m[48;2;83;77;86m▜[38;2;123;163;188m[48;2;106;159;186m▀[38;2;118;159;188m[48;2;102;153;179m▀[48;2;100;153;180m▀[38;2;114;158;186m[48;2;100;151;177m▀[38;2;112;158;186m[48;2;99;150;173m▀[38;2;111;160;187m[48;2;98;152;174m▀[38;2;113;162;189m[48;2;104;156;177m▀[38;2;112;164;192m[48;2;107;159;175m▀[38;2;110;164;190m[48;2;107;160;181m▘[38;2;107;160;174m[48;2;101;155;186m▄[38;2;110;158;170m[48;2;100;154;185m▄[38;2;108;159;172m[48;2;102;157;181m▗[38;2;107;161;181m[48;2;102;158;184m▖[38;2;103;158;188m[48;2;99;155;180m▀[38;2;102;159;188m[48;2;98;154;176m▀[48;2;96;152;174m▀▀[38;2;100;157;182m[48;2;99;155;181m▚[38;2;102;158;180m[48;2;98;155;186m▄▄[38;2;102;159;179m[48;2;95;152;182m▄[38;2;101;158;178m[48;2;96;153;182m▄[38;2;102;159;179m[48;2;97;154;183m▄[38;2;103;160;180m[48;2;101;158;187m▄[38;2;101;158;181m[48;2;100;157;186m▙[38;2;104;160;187m[48;2;104;159;181m▝[48;2;104;159;179m▀[38;2;103;159;186m[48;2;101;158;178m▀[38;2;105;161;188m▘[38;2;102;158;183m[48;2;100;157;176m▛[38;2;104;160;184m[48;2;97;154;174m▀[38;2;108;159;182m[48;2;101;150;157m▜[38;2;138;172;112m[48;2;121;165;161m▄[38;2;139;169;110m[48;2;135;165;106m▞[38;2;132;161;105m[48;2;129;158;101m▌[38;2;129;157;105m[48;2;125;153;105m▛[38;2;129;157;102m[48;2;126;154;101m▀[38;2;124;158;137m[48;2;123;151;101m▀[38;2;122;165;180m[48;2;111;154;154m▜[38;2;119;165;186m[48;2;109;161;182m▀[38;2;117;162;183m[48;2;106;159;175m▀[38;2;111;158;181m[48;2;102;156;174m▀[38;2;97;152;173m[48;2;100;151;174m▙[38;2;101;152;178m[48;2;97;152;172m▝[38;2;99;152;177m[48;2;93;152;168m▀[38;2;102;153;179m[48;2;95;152;172m▀[38;2;101;152;178m[48;2;94;152;173m▀[38;2;102;153;179m[48;2;97;154;175m▝[38;2;104;155;179m[48;2;97;153;174m▝[38;2;107;155;180m[48;2;96;154;175m▀[38;2;109;158;182m[48;2;98;154;179m▀[38;2;103;156;179m[48;2;104;153;178m▙[38;2;106;158;177m[48;2;102;153;177m▄[0m
[38;2;136;107;89m[48;2;100;79;68m▀[38;2;152;129;111m[48;2;111;90;80m▘[38;2;85;70;64m[48;2;77;61;55m▐[38;2;106;90;85m[48;2;97;82;76m▀[38;2;88;78;74m[48;2;87;76;73m▄[38;2;89;77;71m[48;2;84;72;66m▀[38;2;108;91;83m[48;2;90;77;70m▝[38;2;112;101;94m[48;2;101;89;82m▘[38;2;110;95;89m[48;2;104;89;83m▌[38;2;105;92;86m[48;2;91;76;72m▟[38;2;104;93;86m[48;2;85;76;67m▀[38;2;110;96;90m[48;2;96;82;76m▐[38;2;116;106;99m[48;2;112;100;93m▀[38;2;136;123;120m[48;2;131;116;111m▜[38;2;206;213;119m[48;2;161;167;74m▐[38;2;212;179;103m[48;2;113;80;4m▌[38;2;134;57;47m[48;2;130;53;42m▌[38;2;122;54;39m[48;2;102;48;34m▀[38;2;112;72;42m[48;2;97;43;29m▄[38;2;144;119;57m[48;2;105;44;33m▄[38;2;177;184;63m[48;2;118;68;36m▄[38;2;193;208;76m[48;2;132;96;46m▄[38;2;167;116;70m[48;2;119;55;30m▖[38;2;160;112;105m[48;2;104;55;48m▐[38;2;199;212;119m[48;2;165;177;85m▐[38;2;210;207;122m[48;2;134;130;45m▌[38;2;199;189;121m[48;2;109;99;30m▐[38;2;200;215;70m[48;2;163;196;141m▄[38;2;211;224;82m[48;2;157;187;145m▄[38;2;215;225;81m[48;2;153;186;143m▄[38;2;214;227;81m[48;2;149;182;141m▄[38;2;208;224;89m[48;2;136;174;136m▄[38;2;207;222;91m[48;2;128;169;135m▄[38;2;192;215;91m[48;2;118;167;127m▄[38;2;192;214;94m[48;2;116;165;121m▄[38;2;174;202;92m[48;2;108;158;118m▄[38;2;165;198;94m[48;2;107;158;107m▄[38;2;148;186;98m[48;2;107;159;106m▄[38;2;131;175;94m[48;2;107;157;105m▄[38;2;119;167;92m[48;2;111;159;130m▄[38;2;126;171;96m[48;2;110;159;140m▄[38;2;119;168;97m[48;2;111;162;145m▄[38;2;122;172;107m[48;2;108;158;156m▄[38;2;115;166;108m[48;2;109;160;141m▖[38;2;112;164;115m[48;2;109;159;147m▖[38;2;115;164;119m[48;2;109;159;151m▗[38;2;108;159;172m[48;2;112;160;125m▀[38;2;111;161;158m[48;2;110;160;157m▞[38;2;108;159;172m[48;2;110;160;150m▀[38;2;110;161;153m[48;2;107;158;171m▄[38;2;110;164;161m[48;2;108;159;172m▄[38;2;108;159;172m[48;2;105;160;162m▀[38;2;107;160;169m[48;2;103;158;160m▀[38;2;108;159;170m[48;2;104;157;160m▀[38;2;106;159;169m[48;2;100;156;154m▀[38;2;103;157;168m[48;2;97;152;154m▀[38;2;113;158;150m[48;2;108;153;144m▚[38;2;136;165;110m[48;2;127;160;122m▖[38;2;136;167;111m[48;2;130;160;104m▞[38;2;138;166;100m[48;2;131;158;98m▀[38;2;136;165;107m[48;2;131;158;101m▀[38;2;129;157;103m[48;2;128;154;101m▀[38;2;128;157;102m[48;2;125;153;99m▌[38;2;130;159;101m▀[38;2;126;155;101m[48;2;123;149;99m▀[38;2;121;151;111m[48;2;122;149;99m▀[38;2;113;157;151m[48;2;120;150;110m▀[38;2;120;165;152m[48;2;110;160;165m▗[38;2;122;164;143m[48;2;104;160;173m▄[38;2;123;163;133m[48;2;100;155;168m▄[38;2;125;167;135m[48;2;101;157;169m▄[38;2;128;167;119m[48;2;102;155;167m▄[38;2;137;173;98m[48;2;109;158;165m▄[38;2;138;173;86m[48;2;111;160;162m▄[38;2;133;166;82m[48;2;112;161;160m▄[38;2;138;173;79m[48;2;120;163;155m▄[38;2;140;174;74m[48;2;128;166;119m▗[38;2;135;175;102m[48;2;130;170;97m▞[38;2;129;169;121m[48;2;128;166;62m▀[38;2;131;167;106m[48;2;127;165;63m▀[0m
[38;2;110;94;84m[48;2;86;71;60m▐[38;2;110;94;87m[48;2;91;75;68m▌[38;2;100;86;81m[48;2;78;64;59m▐[38;2;97;82;76m[48;2;86;71;65m▌[38;2;91;76;72m[48;2;82;69;67m▙[38;2;89;75;70m[48;2;85;71;66m▞[38;2;93;82;77m[48;2;82;71;66m▐[38;2;105;96;89m[48;2;92;80;77m▝[38;2;103;89;83m[48;2;88;76;70m▜[38;2;111;99;93m[48;2;99;86;79m▌[38;2;97;81;75m[48;2;79;66;60m▗[38;2;117;105;99m[48;2;102;90;83m▐[38;2;120;108;101m[48;2;115;103;96m▐[38;2;142;130;120m[48;2;129;116;107m▐[38;2;195;197;86m[48;2;180;182;70m▐[38;2;207;186;100m[48;2;151;131;44m▌[38;2;116;66;60m[48;2;92;46;39m▀[38;2;82;37;27m[48;2;76;30;20m▌[38;2;102;68;44m[48;2;73;33;19m▝[38;2;185;187;78m[48;2;118;110;22m▜[38;2;203;216;73m[48;2;189;192;63m▀[38;2;202;215;69m[48;2;186;191;59m▀[38;2;213;192;94m[48;2;156;135;37m▌[38;2;179;118;104m[48;2;123;63;49m▐[38;2;185;167;134m[48;2;157;138;105m▞[38;2;195;161;95m[48;2;132;94;67m▘[38;2;198;188;88m[48;2;147;136;37m▐[38;2;197;212;70m[48;2;192;201;64m▝[38;2;200;211;73m[48;2;191;192;66m▀[38;2;203;215;77m[48;2;193;197;70m▀[38;2;203;215;79m[48;2;197;204;71m▘[38;2;200;209;72m[48;2;194;199;67m▀[38;2;199;211;72m[48;2;186;189;60m▀[38;2;198;210;71m[48;2;182;187;62m▀[38;2;203;216;74m[48;2;194;197;68m▀[48;2;189;193;64m▀[48;2;192;197;66m▀[38;2;202;214;75m[48;2;185;195;59m▀[38;2;199;213;77m[48;2;187;196;64m▀[38;2;191;209;75m[48;2;185;193;65m▀[38;2;194;212;82m[48;2;188;196;65m▀[38;2;187;207;84m[48;2;180;190;61m▀[38;2;186;206;86m[48;2;181;192;60m▀[38;2;187;202;77m[48;2;171;196;83m▙[38;2;192;200;69m[48;2;162;192;91m▄[38;2;193;202;69m[48;2;161;192;90m▄[38;2;189;200;68m[48;2;151;186;89m▄[38;2;186;199;69m[48;2;143;181;93m▄[38;2;187;200;71m[48;2;138;177;100m▄[38;2;185;197;74m[48;2;134;176;103m▄[38;2;181;197;73m[48;2;133;175;116m▄[38;2;175;194;71m[48;2;129;172;125m▄[38;2;170;189;76m[48;2;121;163;133m▄[38;2;164;184;79m[48;2;111;157;137m▄[38;2;163;181;81m[48;2;109;154;139m▄[38;2;161;182;88m[48;2;101;152;141m▄[38;2;163;186;87m[48;2;122;162;119m▄[38;2;156;177;85m[48;2;132;160;105m▄[38;2;149;170;83m[48;2;129;158;104m▄[38;2;146;166;81m[48;2;129;154;102m▄[38;2;147;168;76m[48;2;130;158;103m▄[38;2;143;162;86m[48;2;133;158;97m▖[38;2;134;157;83m[48;2;123;151;103m▄[38;2;128;153;92m[48;2;127;151;91m▌[38;2;132;154;85m[48;2;123;149;102m▄[38;2;130;153;90m[48;2;121;149;101m▄[38;2;128;153;90m[48;2;120;148;100m▄[38;2;133;161;91m[48;2;127;154;85m▐[38;2;134;169;70m[48;2;133;159;63m▀[38;2;132;170;68m[48;2;133;163;64m▀[38;2;138;172;67m[48;2;131;159;62m▀[38;2;138;175;66m[48;2;137;167;66m▀[38;2;136;172;68m[48;2;134;164;63m▀[38;2;133;168;66m[48;2;123;155;62m▛[38;2;128;165;61m[48;2;121;153;58m▀[38;2;131;167;65m[48;2;127;156;64m▀[38;2;128;161;62m[48;2;127;155;59m▜[38;2;135;167;71m[48;2;127;159;62m▌[38;2;128;161;61m[48;2;120;156;57m▄[38;2;130;166;64m[48;2;124;159;60m▀[0m
[38;2;93;77;69m[48;2;90;75;69m▝[38;2;94;81;75m[48;2;84;71;65m▌[38;2;95;78;72m[48;2;82;66;61m▀[38;2;95;83;79m[48;2;87;75;71m▐[38;2;103;87;81m[48;2;98;82;76m▗[38;2;96;82;76m[48;2;89;76;70m▌[38;2;91;80;75m[48;2;84;73;68m▌[38;2;85;72;69m[48;2;78;65;63m▀[38;2;98;86;84m[48;2;85;74;71m▐[38;2;104;92;85m[48;2;81;69;62m▌[38;2;98;85;78m[48;2;89;76;70m▐[38;2;115;106;99m[48;2;110;101;94m▐[38;2;119;107;101m[48;2;112;101;95m▀[38;2;140;131;114m[48;2;130;121;105m▞[38;2;183;184;80m[48;2;156;150;65m▀[38;2;187;141;90m[48;2;119;73;21m▌[38;2;95;42;30m[48;2;88;34;23m▄[38;2;100;45;36m[48;2;93;39;30m▄[38;2;88;39;33m[48;2;84;34;28m▌[38;2;141;119;71m[48;2;82;60;12m▐[38;2;171;173;56m[48;2;138;143;52m▀[38;2;174;172;59m[48;2;128;131;45m▀[38;2;172;171;59m[48;2;130;133;45m▀[38;2;165;126;79m[48;2;136;111;56m▜[38;2;200;169;162m[48;2;172;137;129m▛[38;2;159;119;113m[48;2;135;96;90m▌[38;2;161;158;62m[48;2;123;110;52m▀[38;2;169;169;62m[48;2;116;126;50m▀[48;2;115;122;44m▀[38;2;174;173;61m[48;2;119;126;44m▀[38;2;172;170;61m[48;2;113;118;44m▀[38;2;172;173;63m[48;2;120;129;53m▀[38;2;165;166;56m[48;2;112;120;44m▀[38;2;163;163;58m[48;2;120;127;49m▀[38;2;166;164;60m[48;2;122;124;47m▀[38;2;159;160;56m[48;2;114;120;46m▀[38;2;159;161;57m[48;2;114;119;45m▀[38;2;163;164;57m[48;2;117;124;46m▀[38;2;165;166;59m[48;2;116;123;45m▀[38;2;154;154;54m[48;2;107;112;41m▀[38;2;168;169;65m[48;2;110;116;45m▀[38;2;163;165;57m[48;2;96;103;37m▀[38;2;174;177;64m[48;2;109;116;48m▀[38;2;170;172;61m[48;2;110;114;43m▀[38;2;173;176;63m[48;2;124;128;48m▀[38;2;171;173;62m[48;2;126;131;52m▀[38;2;174;177;66m[48;2;116;120;49m▀[38;2;176;179;68m[48;2;110;115;47m▀[38;2;173;173;66m[48;2;113;115;48m▀[38;2;174;176;68m[48;2;113;116;45m▀[38;2;173;175;65m[48;2;115;118;45m▀[38;2;167;173;61m[48;2;103;108;40m▀[38;2;176;179;66m[48;2;109;115;44m▀[38;2;174;179;65m[48;2;119;125;50m▀[38;2;173;179;65m[48;2;121;124;51m▀[38;2;178;179;65m[48;2;118;122;51m▀[38;2;173;174;64m[48;2;125;126;53m▀[38;2;168;177;64m[48;2;132;134;57m▀[38;2;153;162;56m[48;2;126;129;50m▀[38;2;161;166;60m[48;2;128;131;51m▀[38;2;156;163;57m[48;2;130;132;56m▀[38;2;154;163;57m[48;2;126;129;52m▀[38;2;152;160;58m[48;2;126;128;52m▀[38;2;144;155;51m[48;2;128;132;53m▀[38;2;149;157;54m[48;2;125;130;51m▀[38;2;152;160;61m[48;2;131;133;53m▀[38;2;148;158;61m[48;2;129;131;51m▀[38;2;143;154;59m[48;2;119;124;47m▀[38;2;134;143;53m[48;2;114;120;49m▀[38;2;137;148;57m[48;2;110;115;47m▀[38;2;138;149;58m[48;2;111;117;46m▀[38;2;135;146;55m[48;2;106;110;43m▀[38;2;134;146;58m[48;2;110;115;47m▀[38;2;132;147;60m[48;2;104;111;43m▀[38;2;130;145;58m[48;2;112;120;48m▀[38;2;129;144;54m[48;2;115;123;47m▀[38;2;135;151;57m[48;2;117;123;48m▀[38;2;135;150;58m[48;2;116;121;47m▀[38;2;134;151;56m[48;2;105;112;43m▀[38;2;136;153;56m[48;2;108;116;42m▀[0m
[38;2;95;83;76m[48;2;89;78;71m▗[38;2;99;88;83m[48;2;89;78;73m▌[38;2;84;69;64m[48;2;75;59;55m▐[38;2;88;78;74m[48;2;80;70;66m▐[38;2;97;85;79m[48;2;82;71;64m▐[38;2;98;87;80m[48;2;94;82;76m▌[38;2;88;76;72m[48;2;83;71;67m▚[38;2;81;71;69m[48;2;76;66;64m▄[38;2;99;86;83m[48;2;92;80;75m▞[38;2;84;73;67m[48;2;72;62;55m▜[38;2;104;93;86m[48;2;93;81;74m▟[38;2;111;98;91m[48;2;101;86;77m▛[38;2;120;108;102m[48;2;94;82;76m▐[38;2;132;126;109m[48;2;117;112;94m▚[38;2;203;161;115m[48;2;153;110;64m▐[38;2;161;110;74m[48;2;124;73;37m▌[38;2;99;79;45m[48;2;74;53;20m▌[38;2;99;45;36m[48;2;91;37;27m▐[38;2;94;42;32m[48;2;89;37;26m▌[38;2;92;73;41m[48;2;74;55;23m▐[38;2;93;102;35m[48;2;85;93;31m▀[38;2;94;106;40m[48;2;84;96;30m▐[38;2;95;108;36m[48;2;82;96;25m▜[38;2;148;127;76m[48;2;123;102;51m▐[38;2;173;139;125m[48;2;105;81;54m▘[38;2;105;85;42m[48;2;93;72;29m▞[38;2;149;89;57m[48;2;137;77;45m▚[38;2;168;90;72m[48;2;118;87;44m▗[38;2;189;140;123m[48;2;109;93;36m▄[38;2;180;101;87m[48;2;139;85;51m▖[38;2;118;78;47m[48;2;118;50;42m▀[38;2;99;79;41m[48;2;102;47;37m▀[38;2;105;82;44m[48;2;110;52;44m▀[38;2;90;82;34m[48;2;104;55;40m▀[38;2;85;84;37m[48;2;88;70;35m▜[38;2;87;100;36m[48;2;80;93;33m▄[38;2;97;111;42m[48;2;87;101;33m▗[38;2;97;110;36m[48;2;80;93;31m▄[38;2;100;111;44m[48;2;74;86;29m▄[38;2;106;116;44m[48;2;77;90;28m▄[38;2;111;123;44m[48;2;77;87;27m▄[38;2;87;99;32m[48;2;67;83;24m▄[38;2;80;93;34m[48;2;68;84;30m▄[38;2;84;97;35m[48;2;65;80;26m▄[38;2;88;100;39m[48;2;71;83;28m▄[38;2;91;102;41m[48;2;82;94;34m▗[38;2;83;94;33m[48;2;78;89;32m▄[38;2;92;102;42m[48;2;74;86;31m▄[38;2;94;108;41m[48;2;73;85;30m▄[38;2;90;104;36m[48;2;72;83;29m▄[38;2;92;104;37m[48;2;74;86;31m▄[38;2;99;113;45m[48;2;78;89;35m▄[38;2;101;112;45m[48;2;83;96;36m▄[38;2;87;100;38m[48;2;83;96;37m▙[38;2;100;113;45m[48;2;83;96;33m▗[38;2;94;108;40m[48;2;79;91;31m▖[38;2;79;91;34m[48;2;74;87;29m▐[38;2;80;93;31m[48;2;75;87;32m▄[38;2;81;94;32m[48;2;77;89;32m▄[38;2;89;102;38m[48;2;84;96;36m▖[38;2;89;100;38m[48;2;84;94;34m▐[38;2;88;99;37m[48;2;84;94;32m▐[38;2;89;99;39m[48;2;84;95;34m▚[38;2;82;95;33m[48;2;81;94;34m▟[38;2;91;103;36m[48;2;81;91;33m▄[38;2;93;104;38m[48;2;85;93;36m▄[38;2;91;102;36m[48;2;82;90;33m▄[38;2;89;97;35m[48;2;78;87;33m▄[38;2;87;95;36m[48;2;73;82;31m▄[38;2;73;89;29m[48;2;68;82;32m▄[38;2;73;89;33m[48;2;71;87;33m▄[38;2;77;94;33m[48;2;71;82;30m▄[38;2;75;92;31m[48;2;75;84;33m▄[38;2;73;88;30m[48;2;71;82;30m▄[38;2;76;88;33m[48;2;68;84;28m▀[38;2;81;96;38m[48;2;75;88;30m▗[38;2;95;105;42m[48;2;79;89;31m▗[38;2;102;111;45m[48;2;78;85;33m▄[38;2;95;106;40m[48;2;78;88;34m▄[38;2;87;100;38m[48;2;73;84;29m▄[0m
[38;2;101;84;79m[48;2;98;82;76m▛[38;2;96;84;79m[48;2;93;81;75m▘[38;2;92;83;76m[48;2;83;71;65m▄[38;2;81;72;66m[48;2;74;63;60m▜[38;2;90;78;72m[48;2;80;68;62m▐[38;2;88;76;69m[48;2;82;71;65m▘[38;2;97;81;76m[48;2;89;73;67m▟[38;2;94;81;75m[48;2;86;72;67m▐[38;2;92;78;72m[48;2;82;68;62m▌[38;2;100;87;82m[48;2;77;64;58m▐[38;2;115;100;95m[48;2;109;94;88m▐[38;2;98;84;77m[48;2;74;62;56m▛[38;2;130;120;113m[48;2;96;85;79m▐[38;2;132;123;108m[48;2;123;115;99m▐[38;2;130;139;56m[48;2;145;122;67m▄[38;2;117;129;43m[48;2;116;98;45m▄[38;2;124;123;55m[48;2;95;88;31m▙[38;2;96;49;33m[48;2;92;45;29m▞[38;2;98;46;36m[48;2;93;40;31m▌[38;2;80;39;30m[48;2;78;36;28m▞[38;2;102;99;50m[48;2;81;79;30m▐[38;2;100;115;39m[48;2;93;105;37m▄[38;2;112;123;46m[48;2;104;115;38m▐[38;2;147;110;66m[48;2;127;85;49m▀[38;2;114;120;48m[48;2;99;95;39m▄[38;2;139;121;54m[48;2;104;117;42m▄[38;2;155;91;58m[48;2;144;69;46m▛[38;2;165;82;66m[48;2;158;75;60m▐[38;2;206;167;156m[48;2;178;110;95m▜[38;2;172;139;131m[48;2;135;93;87m▘[38;2;121;66;60m[48;2;104;50;43m▌[38;2;101;49;37m[48;2;98;44;35m▄[38;2;98;45;33m[48;2;86;36;25m▄[38;2;109;80;39m[48;2;87;37;31m▄[38;2;114;100;45m[48;2;94;47;38m▄[38;2;125;121;54m[48;2;107;103;37m▐[38;2;129;141;54m[48;2;123;135;48m▞[38;2;125;138;51m[48;2;115;129;48m▜[38;2;139;151;58m[48;2;127;140;51m▀[38;2;132;145;56m[48;2;114;126;44m▖[38;2;125;138;56m[48;2;121;134;52m▚[38;2;110;122;45m[48;2;94;104;31m▙[38;2;111;124;51m[48;2;105;117;43m▐[38;2;104;117;43m[48;2;100;112;39m▐[38;2;119;131;49m[48;2;113;124;48m▄[38;2;129;140;58m[48;2;112;123;47m▗[38;2;123;136;50m[48;2;107;117;44m▄[38;2;134;144;53m[48;2;111;121;48m▄[38;2;121;133;50m[48;2;102;116;47m▄[38;2;123;136;59m[48;2;96;109;38m▖[38;2;115;128;51m[48;2;102;114;37m▐[38;2;118;132;51m[48;2;110;124;44m▌[38;2;111;124;47m[48;2;109;121;47m▄[38;2;109;123;42m[48;2;108;119;40m▗[38;2;136;149;58m[48;2;118;130;48m▄[38;2;119;131;49m[48;2;109;123;42m▘[38;2;117;131;50m▌[38;2;127;140;58m[48;2;116;129;46m▐[38;2;116;130;51m[48;2;107;120;42m▌[38;2;127;138;56m[48;2;102;115;41m▄[38;2;129;140;51m[48;2;108;121;44m▄[38;2;140;148;58m[48;2;97;109;39m▄[38;2;131;141;55m[48;2;96;108;38m▄[38;2;123;134;47m[48;2;107;121;41m▄[38;2;130;141;55m[48;2;101;113;39m▄[38;2;136;146;56m[48;2;106;118;38m▄[38;2;143;153;63m[48;2;135;145;57m▄[38;2;145;156;63m[48;2;133;144;53m▄[38;2;136;149;61m[48;2;123;136;48m▌[38;2;120;131;52m[48;2;108;121;46m▄[38;2;116;128;52m[48;2;101;112;45m▄[38;2;118;134;46m[48;2;107;119;45m▄[38;2;129;142;51m[48;2;114;128;47m▄[38;2;137;150;59m[48;2;121;132;51m▄[38;2;130;143;55m[48;2;111;125;44m▄[38;2;125;141;51m[48;2;111;124;47m▄[38;2;118;133;51m[48;2;109;123;41m▞[38;2;127;140;54m[48;2;108;120;44m▀[38;2;126;139;56m[48;2;118;130;48m▙[38;2;126;137;55m[48;2;116;128;52m▄[0m
[38;2;97;83;78m[48;2;93;80;74m▚[38;2;94;79;74m[48;2;88;73;68m▝[38;2;98;89;82m[48;2;92;79;77m▀[38;2;77;66;63m[48;2;72;61;58m▞[38;2;84;73;67m[48;2;79;67;61m▞[38;2;77;66;60m[48;2;73;61;55m▘[38;2;89;78;72m[48;2;79;66;64m▀[38;2;94;79;73m[48;2;85;70;64m▐[38;2;98;84;76m[48;2;87;75;68m▛[38;2;101;90;83m[48;2;89;78;72m▐[38;2;113;103;96m[48;2;101;90;83m▐[38;2;97;86;80m[48;2;82;71;65m▌[38;2;129;115;108m[48;2;104;93;86m▟[38;2;137;124;116m[48;2;119;107;100m▐[38;2;150;155;75m[48;2;137;148;62m▄[38;2;149;161;60m[48;2;132;143;50m▄[38;2;129;143;50m[48;2;128;133;52m▄[38;2;139;124;67m[48;2;97;70;31m▖[38;2;103;50;38m[48;2;96;44;32m▄[38;2;91;46;37m[48;2;85;39;31m▌[38;2;120;109;61m[48;2;83;72;24m▐[38;2;139;149;57m[48;2;124;134;43m▄[38;2;134;142;57m[48;2;119;123;47m▄[38;2;120;89;46m[48;2;106;76;32m▐[38;2;152;160;61m[48;2;119;134;47m▄[38;2;165;122;72m[48;2;131;87;47m▛[38;2;145;69;54m[48;2;122;52;41m▘[38;2;173;94;75m[48;2;145;66;47m▐[38;2;192;104;79m[48;2;139;72;59m▀[38;2;136;75;61m[48;2;134;71;58m▘[38;2;135;82;72m[48;2;114;66;62m▄[38;2;128;89;85m[48;2;101;53;46m▄[38;2;128;111;98m[48;2;113;64;60m▄[38;2;119;101;48m[48;2;98;54;49m▀[38;2;147;151;67m[48;2;103;97;28m▜[38;2;145;160;59m[48;2;137;150;53m▖[38;2;145;156;63m[48;2;136;147;56m▄[38;2;137;151;55m[48;2;120;131;49m▄[38;2;140;152;56m[48;2;114;128;47m▄[38;2;148;159;58m[48;2;126;141;51m▄[38;2;149;162;61m[48;2;127;142;53m▄[38;2;145;157;59m[48;2;132;145;54m▄[38;2;139;148;52m[48;2;121;132;50m▄[38;2;149;158;57m[48;2;113;127;46m▄[38;2;143;154;54m[48;2;130;143;57m▄[38;2;146;156;56m[48;2;131;144;53m▄[38;2;157;167;66m[48;2;128;143;51m▄[38;2;145;158;55m[48;2;143;154;55m▖[38;2;150;163;62m[48;2;130;146;52m▀[38;2;148;162;60m[48;2;139;153;51m▌[38;2;153;165;62m[48;2;143;155;53m▐[38;2;153;162;56m[48;2;141;151;54m▄[38;2;150;162;54m[48;2;141;153;57m▄[38;2;152;162;58m[48;2;124;137;51m▄[38;2;150;160;56m[48;2;137;147;57m▄[38;2;147;158;56m[48;2;116;130;46m▄[38;2;148;156;56m[48;2;128;141;50m▄[38;2;150;158;58m[48;2;137;149;53m▄[38;2;147;157;54m[48;2;136;150;55m▄[38;2;151;161;58m[48;2;146;158;58m▖[38;2;155;164;64m[48;2;147;156;56m▞[38;2;155;164;61m[48;2;152;160;58m▘[38;2;156;166;64m[48;2;151;161;59m▚[38;2;157;167;63m[48;2;148;159;59m▄[38;2;164;173;67m[48;2;155;165;62m▗[38;2;165;173;70m[48;2;148;159;58m▖[38;2;150;159;59m[48;2;137;148;53m▟[38;2;152;160;58m[48;2;144;156;60m▄[38;2;156;167;63m[48;2;143;155;60m▄[38;2;149;160;60m[48;2;143;154;54m▐[38;2;157;170;65m[48;2;140;152;59m▄[38;2;162;175;70m[48;2;141;154;53m▄[38;2;158;169;61m[48;2;148;158;57m▄[38;2;153;163;62m[48;2;146;157;55m▞[38;2;152;163;59m[48;2;145;156;61m▄[38;2;157;168;60m[48;2;130;144;51m▄[38;2;157;169;62m[48;2;141;155;60m▄[38;2;156;167;60m[48;2;136;150;55m▄[38;2;144;159;58m[48;2;141;156;55m▞[38;2;146;161;60m[48;2;145;158;57m▀[0m
[38;2;93;81;75m[48;2;89;78;72m▝[38;2;92;81;75m[48;2;88;76;70m▌[38;2;90;77;75m[48;2;79;66;64m▌[38;2;83;73;69m[48;2;74;64;62m▖[38;2;80;67;63m[48;2;72;60;55m▚[38;2;80;68;65m[48;2;73;63;59m▌[38;2;81;70;67m[48;2;77;65;62m▟[38;2;90;81;74m[48;2;86;75;68m▖[38;2;87;76;70m[48;2;73;62;55m▚[38;2;99;88;81m[48;2;95;84;77m▞[38;2;116;106;101m[48;2;106;96;91m▌[38;2;100;91;86m[48;2;84;74;73m▜[38;2;138;128;121m[48;2;125;115;108m▌[38;2;139;124;120m[48;2;132;117;113m▞[38;2;156;161;91m[48;2;139;141;77m▜[38;2;161;172;68m[48;2;148;156;55m▝[38;2;153;164;62m[48;2;153;161;59m▀[38;2;153;158;60m[48;2;145;144;55m▙[38;2;133;96;64m[48;2;93;55;24m▌[38;2;102;52;46m[48;2;96;46;40m▘[38;2;85;46;34m[48;2;80;37;26m▛[38;2;150;146;78m[48;2;100;96;28m▐[38;2;151;167;58m[48;2;148;160;57m▗[38;2;144;117;86m[48;2;118;75;39m▄[38;2;158;123;89m[48;2;137;78;89m▝[38;2;156;95;83m[48;2;126;65;53m▌[38;2;120;60;51m[48;2;109;49;40m▙[38;2;112;55;42m[48;2;102;44;32m▖[38;2;109;60;51m[48;2;98;44;34m▟[38;2;140;83;73m[48;2;107;70;63m▀[38;2;154;104;93m[48;2;126;83;72m▀[38;2;138;94;93m[48;2;109;55;48m▀[38;2;121;97;87m[48;2;83;40;41m▀[38;2;109;55;52m[48;2;96;42;35m▜[38;2;161;144;77m[48;2;109;92;25m▐[38;2;149;161;58m[48;2;137;154;51m▜[38;2;151;161;61m[48;2;143;156;53m▀[38;2;155;165;64m[48;2;131;145;50m▀[38;2;160;168;65m[48;2;125;139;46m▀[38;2;160;170;64m[48;2;151;159;57m▀[38;2;161;170;67m[48;2;151;160;58m▚[38;2;153;164;62m▝[38;2;156;166;60m[48;2;150;160;59m▄[38;2;155;165;59m[48;2;145;157;49m▛[38;2;159;168;62m[48;2;143;154;53m▀[38;2;159;170;66m[48;2;144;154;54m▀[38;2;163;175;66m[48;2;147;159;58m▀[38;2;152;164;57m[48;2;135;146;48m▀[38;2;151;162;59m[48;2;146;156;54m▚[38;2;155;166;59m[48;2;150;160;53m▞[38;2;159;168;61m[48;2;152;164;55m▀[38;2;160;170;64m[48;2;149;159;54m▐[38;2;161;172;68m[48;2;154;164;58m▗[38;2;160;170;66m[48;2;151;160;57m▌[38;2;154;166;59m[48;2;153;164;63m▀[38;2;153;164;57m[48;2;142;155;53m▀[38;2;158;168;63m[48;2;150;160;59m▛[38;2;159;167;61m[48;2;145;157;49m▜[38;2;165;174;68m[48;2;163;171;67m▖[38;2;167;176;69m[48;2;163;170;64m▗[38;2;171;178;68m▄[38;2;158;166;62m[48;2;155;164;60m▐[38;2;167;177;70m[48;2;154;167;65m▄[38;2;156;166;62m[48;2;153;164;62m▙[38;2;156;165;62m[48;2;152;160;58m▐[38;2;165;175;72m[48;2;157;166;62m▘[38;2;151;161;61m[48;2;142;151;57m▀[38;2;157;168;64m[48;2;140;152;56m▀[38;2;159;169;65m[48;2;142;157;56m▀[38;2;161;171;65m[48;2;149;159;56m▗[38;2;159;170;65m[48;2;150;162;60m▟[38;2;162;171;65m[48;2;153;164;63m▄[38;2;161;166;61m[48;2;144;157;54m▄[38;2;153;161;62m[48;2;138;151;49m▄[38;2;147;159;58m[48;2;143;155;53m▟[38;2;155;165;61m[48;2;145;158;55m▀[38;2;157;166;60m[48;2;153;165;61m▝[38;2;155;164;63m[48;2;145;154;58m▜[38;2;157;167;67m[48;2;150;160;60m▗[38;2;147;157;62m[48;2;139;148;54m▞[0m
[38;2;94;82;76m[48;2;92;80;74m▚[38;2;96;86;81m[48;2;91;79;75m▌[38;2;91;81;77m[48;2;83;72;69m▌[38;2;83;73;69m[48;2;71;59;57m▘[38;2;83;72;67m[48;2;69;59;54m▐[38;2;81;73;73m[48;2;66;58;58m▌[38;2;79;68;65m[48;2;75;65;61m▀[38;2;93;83;76m[48;2;79;68;64m▘[38;2;89;78;74m[48;2;76;65;60m▐[38;2;94;86;79m[48;2;81;74;67m▜[38;2;102;91;88m[48;2;74;63;60m▌[38;2;102;89;88m[48;2;72;60;59m▐[38;2;190;160;163m[48;2;158;129;129m▟[38;2;209;178;190m[48;2;177;146;158m▌[38;2;150;149;93m[48;2;129;128;72m▐[38;2;148;160;61m[48;2;134;146;47m▌[38;2;140;150;49m[48;2;122;136;43m▀[38;2;139;152;49m[48;2;129;141;45m▀[38;2;136;144;57m[48;2;104;98;27m▙[38;2;120;99;49m[48;2;99;53;39m▄[38;2;106;54;45m[48;2;93;45;38m▙[38;2;113;89;56m[48;2;82;49;29m▝[38;2;144;148;62m[48;2;116;107;47m▜[38;2;146;105;114m[48;2;151;82;139m▀[38;2;179;100;133m[48;2;172;93;125m▞[38;2;150;77;61m[48;2;120;56;44m▘[38;2;200;151;174m[48;2;127;71;77m▗[38;2;208;165;179m[48;2;112;63;67m▖[38;2;148;125;110m[48;2;95;62;54m▀[38;2;148;120;110m[48;2;89;58;49m▘[38;2;98;55;47m[48;2;81;39;32m▝[38;2;112;67;47m[48;2;96;50;31m▚[38;2;108;79;47m[48;2;92;44;37m▄[38;2;99;50;40m[48;2;80;32;32m▛[38;2;140;141;62m[48;2;110;110;32m▐[38;2;147;159;60m[48;2;125;141;47m▟[38;2;147;158;58m[48;2;135;146;51m▄[38;2;138;149;53m[48;2;126;140;45m▙[38;2;144;153;57m[48;2;134;148;54m▄[38;2;151;162;62m[48;2;140;151;56m▄[38;2;140;153;53m[48;2;131;143;44m▞[38;2;147;159;61m[48;2;140;152;54m▜[48;2;143;153;57m▝[38;2;153;162;66m[48;2;137;150;54m▗[38;2;154;163;62m[48;2;140;151;51m▟[38;2;154;165;64m[48;2;154;163;60m▄[38;2;153;162;60m[48;2;147;158;54m▙[38;2;156;164;61m[48;2;143;154;52m▄[38;2;148;158;57m[48;2;139;152;50m▄[38;2;151;161;57m[48;2;135;147;46m▄[38;2;157;168;64m[48;2;149;159;56m▞[38;2;151;159;60m[48;2;142;155;53m▄[38;2;153;166;64m[48;2;146;159;57m▐[38;2;153;165;65m[48;2;129;143;49m▙[38;2;152;162;61m[48;2;119;136;52m▄[38;2;154;162;62m[48;2;129;142;51m▄[38;2;150;161;64m[48;2;132;144;48m▛[38;2;152;163;61m[48;2;131;143;45m▜[38;2;148;162;62m[48;2;136;149;49m▌[38;2;131;145;51m[48;2;108;124;41m▀[38;2;146;162;63m[48;2;119;140;50m▀[38;2;146;159;57m[48;2;139;153;58m▀[38;2;150;160;60m[48;2;141;151;54m▜[38;2;164;173;67m[48;2;150;160;57m▝[38;2;164;174;69m[48;2;146;157;55m▜[38;2;163;170;66m[48;2;156;164;60m▞[38;2;162;168;67m[48;2;158;164;63m▚[38;2;158;164;63m[48;2;152;158;59m▛[38;2;159;166;66m[48;2;151;159;58m▐[38;2;156;165;60m[48;2;146;157;55m▜[38;2;164;175;71m[48;2;157;166;60m▄[38;2;161;173;64m[48;2;152;164;56m▌[38;2;151;161;60m[48;2;125;143;50m▀[38;2;161;171;71m[48;2;120;140;58m▀[38;2;149;158;62m[48;2;110;124;41m▀[38;2;149;160;61m[48;2;124;136;40m▜[38;2;160;169;66m[48;2;153;163;60m▚[38;2;160;173;72m[48;2;144;158;61m▖[38;2;141;155;57m[48;2;131;147;53m▄[38;2;136;148;54m[48;2;131;144;50m▌[0m
[38;2;95;83;77m[48;2;86;75;69m▐[38;2;100;87;84m[48;2;98;86;83m▝[38;2;94;81;79m[48;2;85;72;69m▌[38;2;75;62;60m[48;2;70;59;56m▖[38;2;80;70;66m[48;2;69;59;55m▐[38;2;73;62;60m[48;2;67;57;54m▚[38;2;82;70;69m[48;2;71;60;58m▌[38;2;70;60;58m[48;2;63;53;51m▌[38;2;86;73;69m[48;2;75;62;58m▐[38;2;105;95;88m[48;2;85;75;68m▐[38;2;118;108;101m[48;2;97;87;80m▌[38;2;154;133;123m[48;2;100;81;74m▟[38;2;180;152;161m[48;2;120;105;117m▀[38;2;155;129;147m[48;2;51;45;68m▀[38;2;121;116;95m[48;2;68;66;72m▀[38;2;147;157;56m[48;2;139;142;82m▀[38;2;148;160;59m[48;2;144;156;54m▐[38;2;143;152;55m[48;2;140;149;53m▄[38;2;155;166;65m[48;2;148;159;58m▄[38;2;151;164;62m[48;2;149;151;61m▄[38;2;139;139;61m[48;2;113;75;47m▄[38;2;116;68;43m[48;2;96;46;36m▄[38;2;129;89;83m[48;2;93;45;45m▝[38;2;205;166;202m[48;2;175;118;172m▗[38;2;186;127;158m[48;2;163;104;135m▌[38;2;139;86;86m[48;2;113;52;54m▟[38;2;153;140;117m[48;2;136;137;80m▝[38;2;140;148;69m[48;2;131;139;61m▌[38;2;133;140;49m[48;2;120;85;63m▄[38;2;139;127;61m[48;2;107;54;47m▄[38;2;130;94;65m[48;2;111;59;43m▖[38;2;95;56;35m[48;2;91;39;43m▀[38;2;138;141;66m[48;2;94;87;26m▜[38;2;128;141;55m[48;2;109;75;50m▄[38;2;129;112;67m[48;2;89;72;28m▞[38;2;153;164;65m[48;2;129;137;47m▜[38;2;154;165;63m[48;2;137;152;51m▛[38;2;157;165;65m[48;2;126;141;49m▀[38;2;160;168;68m[48;2;138;154;60m▀[38;2;165;173;73m[48;2;144;153;55m▘[38;2;157;167;65m[48;2;149;159;57m▐[38;2;155;165;63m[48;2;151;160;59m▐[38;2;156;166;66m[48;2;141;155;62m▛[38;2;154;163;62m[48;2;126;141;54m▀[38;2;149;159;59m[48;2;128;139;46m▀[38;2;155;166;66m[48;2;151;161;61m▖[38;2;153;161;61m[48;2;145;154;53m▄[38;2;157;165;62m[48;2;145;156;55m▄[38;2;155;163;64m[48;2;139;152;51m▄[38;2;152;165;64m[48;2;141;158;56m▄[38;2;160;173;71m[48;2;154;167;65m▌[38;2;153;163;66m[48;2;141;153;57m▀[38;2;154;164;63m[48;2;142;157;56m▀[38;2;146;157;53m[48;2;139;150;53m▀[38;2;157;165;66m[48;2;138;150;53m▘[38;2;150;159;58m[48;2;123;138;50m▀[38;2;150;163;63m[48;2;136;149;49m▚[38;2;148;164;61m[48;2;136;150;51m▖[38;2;142;154;59m[48;2;137;151;53m▄[38;2;141;153;55m[48;2;138;149;52m▐[38;2;151;164;62m[48;2;145;158;57m▞[38;2;149;160;59m[48;2;140;152;51m▌[38;2;146;159;56m[48;2;135;147;49m▄[38;2;146;159;58m[48;2;134;148;51m▙[38;2;145;157;61m[48;2;129;144;52m▄[38;2;153;164;62m[48;2;146;159;60m▗[38;2;152;164;56m[48;2;147;160;56m▖[38;2;149;161;58m[48;2;139;150;48m▌[38;2;141;152;53m[48;2;132;144;48m▟[38;2;154;167;65m[48;2;141;156;54m▗[38;2;151;164;61m[48;2;137;146;49m▀[38;2;141;153;56m[48;2;135;147;50m▐[38;2;143;155;59m[48;2;138;151;54m▌[38;2;152;170;61m[48;2;140;154;61m▄[38;2;154;173;63m[48;2;143;155;59m▄[38;2;158;171;69m[48;2;151;164;61m▛[38;2;151;161;62m[48;2;143;153;54m▞[38;2;151;166;65m[48;2;135;157;58m▀[38;2;150;173;67m[48;2;139;161;60m▀[38;2;154;166;64m[48;2;144;157;55m▚[0m
[38;2;100;89;88m[48;2;97;87;86m▗[38;2;90;79;76m[48;2;85;74;71m▀[38;2;104;89;90m[48;2;83;68;69m▚[38;2;103;84;102m[48;2;91;73;82m▖[38;2;97;83;93m[48;2;89;66;89m▀[38;2;97;82;89m[48;2;89;67;83m▜[38;2;113;98;112m[48;2;84;74;75m▄[38;2;113;97;93m[48;2;90;75;69m▗[38;2;142;117;103m[48;2;125;101;86m▐[38;2;110;93;85m[48;2;67;58;64m▀[38;2;67;62;68m[48;2;25;25;39m▀[38;2;39;37;52m[48;2;24;24;39m▜[38;2;61;59;77m[48;2;42;42;58m▝[38;2;59;56;75m[48;2;43;42;58m▘[38;2;54;48;61m[48;2;39;35;55m▖[38;2;110;106;105m[48;2;62;58;58m▐[38;2;150;160;83m[48;2;143;153;76m▐[38;2;147;170;66m[48;2;136;150;52m▄[38;2;145;161;59m[48;2;143;159;57m▞[38;2;143;158;56m[48;2;137;151;52m▖[38;2;148;162;64m[48;2;140;153;56m▌[38;2;146;157;59m[48;2;138;126;57m▄[38;2;128;112;61m[48;2;124;66;58m▄[38;2;144;114;109m[48;2;101;72;66m▐[38;2;165;175;84m[48;2;150;143;109m▗[38;2;156;164;65m[48;2;151;131;74m▄[38;2;148;162;61m[48;2;139;153;52m▐[38;2;148;163;62m[48;2;139;154;53m▐[38;2;155;167;65m[48;2;138;156;53m▄[38;2;139;162;61m[48;2;141;157;56m▝[38;2;137;152;51m[48;2;128;145;54m▄[38;2;149;167;63m[48;2;107;84;48m▄[38;2;129;108;58m[48;2;86;54;24m▟[38;2;160;166;67m[48;2;130;146;52m▄[38;2;160;170;62m[48;2;139;151;58m▄[38;2;152;164;56m[48;2;129;139;48m▄[38;2;151;164;62m[48;2;133;149;55m▄[38;2;144;159;57m[48;2;116;137;47m▄[38;2;139;156;54m[48;2;129;147;44m▐[38;2;150;165;62m[48;2;139;154;52m▐[38;2;145;157;58m[48;2;134;148;51m▛[38;2;148;160;65m[48;2;135;148;52m▐[38;2;150;163;66m[48;2;137;150;54m▌[38;2;151;162;61m[48;2;124;136;53m▄[38;2;160;170;67m[48;2;131;144;53m▄[38;2;159;170;62m[48;2;150;162;60m▄[38;2;164;172;69m[48;2;160;168;65m▘[38;2;163;170;67m[48;2;158;166;63m▚[38;2;155;164;63m[48;2;151;161;60m▜[38;2;161;173;69m[48;2;152;162;61m▙[38;2;166;177;73m[48;2;156;165;62m▄[38;2;156;167;65m[48;2;147;158;55m▌[38;2;157;165;64m[48;2;149;157;56m▌[38;2;157;166;64m[48;2;148;157;55m▐[38;2;159;166;62m[48;2;141;152;52m▙[38;2;159;166;59m[48;2;132;143;52m▄[38;2;170;179;72m[48;2;136;153;56m▄[38;2;153;161;61m[48;2;139;150;49m▖[38;2;150;161;61m[48;2;144;155;55m▚[38;2;153;162;62m[48;2;145;153;54m▛[38;2;166;174;74m[48;2;152;164;62m▄[38;2;158;167;61m[48;2;147;158;54m▄[38;2;153;163;61m[48;2;151;160;59m▌[38;2;154;166;63m[48;2;148;160;57m▞[38;2;155;166;61m[48;2;131;144;42m▛[38;2;164;173;70m[48;2;147;161;68m▀[38;2;157;168;65m[48;2;138;152;54m▜[38;2;160;169;63m[48;2;147;161;63m▀[38;2;159;167;65m[48;2;141;154;57m▘[38;2;145;155;58m[48;2;125;139;46m▛[38;2;138;149;54m[48;2;118;134;49m▀[38;2;152;167;66m[48;2;136;154;60m▀[38;2;157;172;69m[48;2;138;154;55m▀[38;2;152;166;57m[48;2;127;141;44m▀[38;2;150;164;56m[48;2;122;139;42m▀[38;2;150;163;62m[48;2;123;140;49m▀[38;2;153;168;69m[48;2;146;161;63m▚[38;2;155;174;74m[48;2;150;165;64m▘[38;2;141;156;56m[48;2;125;144;46m▙[38;2;144;159;58m[48;2;130;146;47m▟[0m
[38;2;96;88;89m[48;2;89;81;80m▀[38;2;92;82;81m[48;2;80;70;69m▐[38;2;108;94;98m[48;2;76;66;69m▝[38;2;92;73;89m[48;2;83;64;80m▌[38;2;88;60;77m[48;2;86;58;75m▌[38;2;87;58;74m[48;2;86;54;72m▗[38;2;106;84;100m[48;2;77;55;74m▀[38;2;85;73;79m[48;2;45;37;48m▛[38;2;86;74;80m[48;2;33;29;41m▘[38;2;36;36;49m[48;2;29;30;43m▌[38;2;26;26;40m[48;2;20;20;33m▐[38;2;45;43;57m[48;2;36;34;48m▐[38;2;70;70;86m[48;2;48;46;59m▘[38;2;26;27;41m[48;2;19;21;34m▞[38;2;47;43;52m[48;2;18;20;30m▀[38;2;61;51;66m[48;2;47;37;52m▐[38;2;123;123;85m[48;2;46;46;60m▀[38;2;155;170;68m[48;2;89;93;54m▀[38;2;145;161;56m[48;2;130;145;53m▀[38;2;150;162;61m[48;2;137;151;54m▘[38;2;157;171;73m[48;2;144;159;59m▘[38;2;144;159;58m[48;2;136;153;53m▝[38;2;147;161;60m[48;2;131;147;51m▟[38;2;130;144;51m[48;2;119;134;42m▀[38;2;148;160;56m[48;2;125;143;40m▀[38;2;151;164;62m[48;2;131;146;57m▀[38;2;147;158;60m[48;2;114;134;49m▀[38;2;144;160;61m[48;2;128;148;53m▘[38;2;145;162;64m[48;2;129;146;49m▐[38;2;155;175;68m[48;2;146;157;53m▄[38;2;164;176;75m[48;2;152;163;63m▖[38;2;148;160;58m[48;2;145;153;54m▀[38;2;150;160;63m[48;2;141;154;53m▀[38;2;157;168;68m[48;2;140;153;51m▀[38;2;164;178;66m[48;2;154;167;62m▀[38;2;154;166;55m[48;2;138;151;46m▀[38;2;150;160;56m[48;2;137;147;45m▘[38;2;143;154;56m[48;2;135;146;47m▐[38;2;150;164;68m[48;2;136;152;57m▖[38;2;134;148;52m[48;2;119;136;41m▛[38;2;147;160;65m[48;2;141;155;60m▜[38;2;152;164;63m[48;2;138;152;56m▀[38;2;152;165;62m[48;2;144;156;54m▐[38;2;161;173;66m[48;2;152;162;61m▄[38;2;159;170;66m[48;2;150;161;57m▌[38;2;147;159;56m[48;2;138;153;52m▜[38;2;155;174;61m[48;2;146;156;53m▄[38;2;159;175;67m[48;2;150;161;57m▄[38;2;152;165;60m[48;2;146;158;53m▞[38;2;159;169;66m[48;2;143;154;53m▀[38;2;160;173;72m[48;2;149;160;58m▘[38;2;148;158;59m[48;2;125;139;41m▙[38;2;152;164;60m[48;2;143;153;53m▟[38;2;167;180;76m[48;2;148;161;58m▐[38;2;161;187;75m[48;2;157;171;62m▄[38;2;159;173;62m[48;2;155;169;59m▐[38;2;182;198;83m[48;2;166;182;67m▐[38;2;177;201;82m[48;2;162;176;65m▙[38;2;180;201;91m[48;2;169;191;79m▞[38;2;173;202;88m[48;2;167;181;71m▄[38;2;151;180;66m[48;2;158;171;66m▄[38;2;156;173;67m[48;2;149;166;60m▐[38;2;155;173;64m[48;2;148;160;58m▄[38;2;160;176;71m[48;2;143;159;54m▌[38;2;157;171;60m[48;2;137;152;50m▄[38;2;155;171;60m[48;2;131;149;56m▄[38;2;164;178;69m[48;2;123;144;52m▄[38;2;157;173;65m[48;2;124;142;51m▄[38;2;156;172;63m[48;2;128;146;57m▄[38;2;154;168;58m[48;2;137;150;59m▄[38;2;156;168;59m[48;2;133;144;53m▄[38;2;169;178;69m[48;2;148;157;63m▄[38;2;168;180;71m[48;2;161;172;68m▄[38;2;159;171;63m[48;2;151;161;60m▄[38;2;161;172;64m[48;2;140;151;53m▄[38;2;170;181;71m[48;2;140;152;59m▄[38;2;160;174;62m[48;2;149;160;58m▄[38;2;167;179;73m[48;2;160;172;66m▐[38;2;171;182;73m[48;2;160;169;63m▙[38;2;198;210;90m[48;2;164;174;62m▗[0m
[38;2;88;75;75m[48;2;84;71;71m▌[38;2;93;83;82m[48;2;82;72;71m▀[38;2;59;53;51m[48;2;55;50;47m▀[38;2;92;76;84m[48;2;76;59;68m▚[38;2;87;63;79m[48;2;84;60;76m▞[38;2;102;82;100m[48;2;92;66;83m▗[38;2;119;91;107m[48;2;82;57;74m▄[38;2;86;74;94m[48;2;57;45;64m▄[38;2;80;76;95m[48;2;45;43;58m▄[38;2;42;39;55m[48;2;28;26;42m▌[38;2;36;38;52m[48;2;22;24;38m▐[38;2;136;130;141m[48;2;72;64;73m▄[38;2;63;41;55m[48;2;35;23;31m▄[38;2;35;33;48m[48;2;32;30;45m▐[38;2;34;34;51m[48;2;29;29;46m▄[38;2;52;45;65m[48;2;32;30;46m▄[38;2;66;61;79m[48;2;49;46;64m▖[38;2;50;49;70m[48;2;37;36;57m▌[38;2;111;120;82m[48;2;53;62;25m▐[38;2;142;175;57m[48;2;130;148;48m▄[38;2;135;174;63m[48;2;122;145;49m▄[38;2;133;171;62m[48;2;126;155;56m▟[38;2;146;177;69m[48;2;134;145;54m▄[38;2;143;165;64m[48;2;118;136;45m▄[38;2;135;151;55m[48;2;119;136;43m▄[38;2;134;152;56m[48;2;129;151;56m▟[38;2;147;168;69m[48;2;139;160;61m▐[38;2;147;174;74m[48;2;134;151;54m▀[38;2;142;171;67m[48;2;146;158;63m▀[38;2;149;164;66m[48;2;141;156;57m▐[38;2;151;163;65m[48;2;147;159;61m▐[38;2;150;160;60m[48;2;135;148;57m▀[38;2;147;157;56m[48;2;134;148;55m▀[38;2;145;158;55m[48;2;130;144;48m▀[38;2;148;159;62m[48;2;137;149;52m▚[38;2;149;162;61m[48;2;135;148;47m▞[38;2;145;158;53m[48;2;141;154;52m▀[38;2;152;162;60m[48;2;138;148;46m▐[38;2;151;163;63m[48;2;144;156;56m▐[38;2;144;157;54m[48;2;128;145;48m▄[38;2;151;164;63m[48;2;131;144;53m▀[38;2;147;170;64m[48;2;146;165;67m▀[38;2;141;155;57m[48;2;124;142;49m▀[38;2;150;162;64m[48;2;118;135;46m▀[38;2;150;167;72m[48;2;122;140;40m▙[38;2;141;157;64m[48;2;124;141;47m▞[38;2;149;164;59m[48;2;130;147;56m▀[38;2;154;167;62m[48;2;112;129;39m▀[38;2;143;158;56m[48;2;111;132;43m▀[38;2;136;149;48m[48;2;106;125;43m▀[38;2;157;176;66m[48;2;141;160;51m▐[38;2;166;187;71m[48;2;155;167;56m▟[38;2;166;189;74m[48;2;151;174;59m▌[38;2;153;171;66m[48;2;133;157;51m▛[38;2;155;175;70m[48;2;143;157;59m▀[38;2;160;177;71m[48;2;157;169;67m▛[38;2;166;195;82m[48;2;159;177;68m▀[38;2;161;193;78m[48;2;154;171;68m▀[38;2;165;198;84m[48;2;156;181;69m▀[38;2;169;198;84m[48;2;164;191;70m▀[38;2;182;208;80m[48;2;169;196;77m▄[38;2;187;212;94m[48;2;167;188;74m▄[38;2;194;219;92m[48;2;172;193;67m▟[38;2;236;252;103m[48;2;215;231;92m▄[38;2;237;252;106m[48;2;209;226;91m▄[38;2;219;238;94m[48;2;193;210;79m▟[38;2;226;247;106m[48;2;218;238;109m▄[38;2;211;234;98m[48;2;205;227;91m▌[38;2;213;232;96m[48;2;202;231;87m▀[38;2;212;228;91m[48;2;192;222;80m▀[38;2;215;238;101m[48;2;200;217;88m▗[38;2;237;249;123m[48;2;209;222;104m▄[38;2;223;240;102m[48;2;196;213;86m▄[38;2;222;240;104m[48;2;193;208;78m▄[38;2;202;221;91m[48;2;187;203;81m▙[38;2;195;213;96m[48;2;187;202;83m▟[38;2;187;201;87m[48;2;173;187;73m▌[38;2;191;208;90m[48;2;167;184;78m▄[38;2;185;204;90m[48;2;165;183;74m▟[38;2;213;231;107m[48;2;195;213;90m▞[0m
[38;2;86;78;77m[48;2;68;60;59m▌[38;2;79;70;69m[48;2;73;65;63m▜[38;2;65;58;59m[48;2;57;50;51m▞[38;2;66;61;61m[48;2;56;50;50m▄[38;2;74;63;66m[48;2;63;57;55m▀[38;2;84;70;80m[48;2;74;62;65m▝[38;2;89;74;90m[48;2;66;60;73m▀[38;2;80;73;96m[48;2;74;66;89m▟[38;2;72;66;89m[48;2;67;61;85m▄[38;2;71;67;90m[48;2;48;46;65m▙[38;2;61;58;80m[48;2;46;45;64m▖[38;2;75;68;84m[48;2;42;38;56m▘[38;2;36;36;52m[48;2;33;33;49m▌[38;2;33;33;48m[48;2;30;30;45m▖[38;2;32;32;47m[48;2;25;25;39m▀[38;2;53;46;62m[48;2;49;43;58m▐[38;2;90;70;88m[48;2;48;37;53m▗[38;2;87;83;100m[48;2;61;59;77m▄[38;2;78;73;81m[48;2;52;47;54m▐[38;2;218;219;148m[48;2;190;190;118m▚[38;2;187;205;100m[48;2;168;186;81m▞[38;2;166;198;74m[48;2;146;154;55m▀[38;2;132;160;54m[48;2;108;118;32m▀[38;2;129;145;51m[48;2;107;119;43m▀[38;2;121;137;48m[48;2;111;127;44m▜[38;2;125;140;53m[48;2;113;128;41m▖[38;2;111;127;37m[48;2;94;110;26m▜[38;2;125;141;51m[48;2;116;132;42m▐[38;2;148;160;64m[48;2;133;149;55m▀[38;2;150;159;65m[48;2;137;151;55m▝[38;2;155;167;69m[48;2;149;159;62m▖[38;2;147;157;58m[48;2;139;149;50m▌[38;2;137;146;49m[48;2;123;132;36m▀[38;2;133;144;48m[48;2;122;136;40m▛[38;2;142;159;62m[48;2;117;137;51m▀[38;2;134;153;57m[48;2;104;124;49m▀[38;2;136;154;65m[48;2;122;140;51m▌[38;2;128;146;54m[48;2;121;140;47m▐[38;2;129;144;46m[48;2;113;129;37m▜[38;2;151;164;62m[48;2;137;150;49m▐[38;2;140;154;59m[48;2;119;133;40m▙[38;2;136;150;54m[48;2;123;138;46m▗[38;2;143;157;59m[48;2;130;142;52m▄[38;2;142;156;60m[48;2;123;136;47m▄[38;2;152;166;73m[48;2;141;155;60m▝[38;2;149;168;68m[48;2;125;144;46m▙[38;2;139;153;60m[48;2;122;143;60m▄[38;2;133;144;51m[48;2;93;108;30m▄[38;2;150;159;67m[48;2;107;126;41m▄[38;2;155;165;65m[48;2;138;151;62m▄[38;2;168;187;77m[48;2;150;168;61m▖[38;2;150;171;60m[48;2;144;164;57m▀[38;2;157;184;65m[48;2;141;170;57m▄[38;2;162;192;72m[48;2;135;159;51m▄[38;2;132;152;52m[48;2;120;140;39m▌[38;2;149;168;65m[48;2;140;159;55m▚[38;2;162;184;54m[48;2;153;171;53m▄[38;2;162;190;59m[48;2;148;170;52m▄[38;2;163;197;64m[48;2;147;174;55m▄[38;2;172;207;76m[48;2;157;192;60m▐[38;2;194;224;90m[48;2;159;193;60m▜[38;2;208;233;101m[48;2;176;211;76m▀[38;2;193;225;93m[48;2;164;202;77m▀[38;2;199;237;87m[48;2;147;195;74m▀[38;2;208;240;91m[48;2;145;193;70m▀[38;2;195;230;80m[48;2;128;174;54m▀[38;2;191;229;93m[48;2;140;181;58m▜[38;2;158;199;67m[48;2;132;172;46m▛[38;2;136;179;58m[48;2;110;146;45m▀[38;2;132;171;58m[48;2;110;139;43m▀[38;2;165;195;73m[48;2;141;169;60m▀[38;2;189;214;80m[48;2;137;166;52m▀[38;2;195;220;82m[48;2;167;203;84m▀[38;2;213;237;99m[48;2;179;212;89m▀[38;2;200;224;86m[48;2;162;191;75m▀[38;2;189;210;84m[48;2;161;188;69m▀[38;2;192;208;90m[48;2;167;190;72m▀[38;2;199;218;91m[48;2;167;188;74m▀[38;2;182;204;86m[48;2;166;191;75m▀[38;2;196;218;99m[48;2;177;200;80m▚[0m
[38;2;90;85;82m[48;2;76;70;68m▌[38;2;68;63;60m[48;2;57;51;48m▐[38;2;78;70;69m[48;2;65;56;55m▙[38;2;69;62;62m[48;2;60;53;54m▐[38;2;73;66;68m[48;2;64;58;58m▖[38;2;74;70;80m[48;2;56;54;73m▛[38;2;90;86;103m[48;2;65;61;81m▝[38;2;120;111;129m[48;2;107;100;120m▀[38;2;113;106;125m[48;2;96;88;111m▀[38;2;105;100;123m[48;2;96;90;113m▘[38;2;88;82;106m[48;2;69;63;86m▌[38;2;65;63;82m[48;2;56;54;72m▌[38;2;50;48;67m[48;2;41;39;58m▌[38;2;35;35;49m[48;2;27;27;41m▄[38;2;52;50;65m[48;2;29;29;43m▄[38;2;84;81;99m[48;2;68;63;81m▟[38;2;99;95;114m[48;2;87;85;104m▀[38;2;100;98;117m[48;2;89;86;108m▀[38;2;108;106;122m[48;2;89;85;102m▄[38;2;182;159;151m[48;2;117;101;105m▝[38;2;244;211;171m[48;2;232;199;159m▚[38;2;228;196;152m[48;2;197;174;123m▙[38;2;203;181;135m[48;2;126;127;53m▄[38;2;114;121;44m[48;2;88;101;24m▟[38;2;120;133;45m[48;2;114;128;40m▌[38;2;113;125;42m[48;2;98;108;33m▀[38;2;117;132;45m[48;2;102;116;35m▀[38;2;119;137;54m[48;2;95;115;35m▛[38;2;127;147;64m[48;2;103;124;41m▐[38;2;134;151;58m[48;2;121;142;50m▀[38;2;139;152;61m[48;2;110;124;41m▀[38;2;133;147;54m[48;2;114;131;43m▀[38;2;123;137;44m[48;2;117;130;36m▚[38;2;132;145;54m[48;2;109;123;32m▗[38;2;134;145;50m[48;2;109;125;41m▄[38;2;132;143;52m[48;2;103;122;45m▄[38;2;129;139;48m[48;2;120;134;50m▄[38;2;144;156;57m[48;2;124;140;44m▟[38;2;143;156;51m[48;2;128;142;46m▄[38;2;133;145;49m[48;2;126;138;45m▄[38;2;144;160;61m[48;2;139;153;60m▄[38;2;148;167;64m[48;2;134;148;50m▄[38;2;142;162;60m[48;2;139;159;57m▌[38;2;142;165;59m[48;2;140;154;58m▄[38;2;138;157;59m[48;2;136;151;58m▖[38;2;132;149;60m[48;2;123;140;51m▌[38;2;118;136;43m[48;2;101;117;35m▀[38;2;135;155;61m[48;2;97;118;32m▜[38;2;130;150;58m[48;2;110;136;45m▛[38;2;137;160;61m[48;2;125;154;56m▝[38;2;130;164;61m[48;2;114;151;54m▀[38;2;146;185;75m[48;2;126;162;52m▗[38;2;153;193;70m[48;2;147;186;69m▀[38;2;173;210;86m[48;2;142;178;60m▘[38;2;133;158;51m[48;2;127;152;47m▛[38;2;160;190;67m[48;2;148;177;63m▀[38;2;198;226;89m[48;2;182;215;87m▀[38;2;183;215;86m[48;2;157;188;71m▀[38;2;164;194;78m[48;2;138;166;59m▛[38;2;167;192;77m[48;2;147;171;62m▜[38;2;172;197;78m[48;2;152;171;62m▀[38;2;179;200;86m[48;2;169;182;77m▀[38;2;166;195;81m[48;2;153;174;64m▝[38;2;164;194;83m[48;2;143;166;60m▘[38;2;154;171;59m[48;2;133;159;50m▗[38;2;136;157;74m[48;2;81;111;28m▖[38;2;126;160;68m[48;2;83;117;24m▐[38;2;183;210;88m[48;2;163;195;69m▗[38;2;170;197;75m[48;2;149;179;59m▄[38;2;186;209;80m[48;2;145;174;60m▄[38;2;198;222;86m[48;2;175;200;78m▄[38;2;189;213;81m[48;2;150;171;56m▄[38;2;208;226;107m[48;2;171;200;86m▄[38;2;193;216;89m[48;2;154;189;79m▄[38;2;169;194;73m[48;2;137;166;64m▄[38;2;165;184;77m[48;2;135;157;56m▄[38;2;169;187;74m[48;2;152;172;65m▄[38;2;159;183;68m[48;2;146;164;60m▄[38;2;162;189;68m[48;2;154;180;60m▞[38;2;190;215;81m[48;2;168;200;71m▀[0m